 0             9.999999384113778D-09       0             6.036068627818064D-02       60            1200          0             0 
 1             9.999998773491114D-09       0             4.509852635342065D-02       120           1200          1             0 
 2             9.999998412668631D-09       0             2.983636642865828D-02       125           1200          1             0 
 3             9.999998162868451D-09       0             1.457420650389801D-02       125           1200          1             0 
 4             9.999998829002266D-09       0             .1563536422713837           124.9849815784956           1200          1             0 
 5             9.99999760775694D-09        4.611232415743238D-03       1.652908191458661           124.8347973634517           1200          1             0 
 6             9.999996108955855D-09       8.893052997121842D-03       3.188989690739197           124.6846131484077           1200          0             0 
 7             9.999996747334094D-09       4.217368244624708D-03       5.529812206132235           124.508011170827            1200          0             0 
 8             9.999997330201182D-09       1.713899553792597D-02       8.50486674269942            124.3049914307096           1200          0             0 
 9             9.999997996334997D-09       2.038421175806437D-02       11.54361337540424           124.1019716905922           1200          0             0 
 10            9.99999721917888D-09        2.803305588120963D-02       15.67647537835594           123.8761535323924           1200          0             0 
 11            9.999993638709626D-09       .0354913997380777           20.0368945917367            123.644635769672            1200          0             0 
 12            9.99999044681843D-09        .0428310023050269           24.32733415757376           123.4131180069516           1200          0             0 
 13            9.99998184258999D-09        0             29.80972701205011           123.1632534946151           1200          0             5 
 14            9.99996815909121D-09        2.425360468168414D-02       35.13970479852556           122.9129729742624           1200          0             5 
 15            9.999952199635231D-09       3.728085160919115D-02       40.54525073299202           122.6626924539097           1200          0             5 
 16            9.999939515337175D-09       .0323625637813274           44.79950119917578           122.4252169306756           1200          0             0 
 17            9.999940320248868D-09       0             45.91722241529558           122.3382909661293           1200          0             0 
 18            9.999936712024038D-09       0             45.91433491759845           122.3382909661293           1200          0             0 
 19            9.99993632344598D-09        0             45.91144741990132           122.3382909661293           1200          0             0 
 20            9.999934658111442D-09       0             45.90855992220418           122.3382909661293           1200          0             0 
 21            9.999933187065935D-09       0             45.90572054946867           122.3382909661293           1200          0             0 
 22            9.999933436866115D-09       0             45.90283305177152           122.3382909661293           1200          0             0 
 23            9.999933187065935D-09       0             45.8998974291128            122.3382909661293           1200          0             0 
 24            9.999934158511081D-09       0             45.89700993141566           122.3382909661293           1200          0             0 
 25            9.999932132354061D-09      -7.683184359229323D-03       45.89417055868014           122.3382909661293           1200          0             0 
 26            9.99993479688932D-09        0             45.8912349360214            122.3382909661293           1200          0             0 
 27            9.999936018134647D-09      -.0073643423084091           45.88839556328587           122.3382909661293           1200          0             0 
 28            9.999931549486973D-09       0             45.88545994062711           122.3382909661293           1200          0             0 
 29            9.999933381354964D-09       0             45.88262056789161           122.3382909661293           1200          0             0 
 30            9.999936656512887D-09       0             45.87973307019448           122.3382909661293           1200          0             0 
 31            9.99994018147099D-09        0             45.87684557249733           122.3382909661293           1200          0             0 
