 1             180           20            1.25 
 125           1200          2             350 
 4000          1             2             30 
 4100          1             2             100 
 4000          1             2             130 
 4100          1             1             170 
 4000          1             125           1200 
 3             225           4000          1 
 2             178           4050          1.1 
 3             130           4000          1.25 
 2             170           4050          1.2 
 3             315           4000          1.2 
 3             315           4050          1.3 
 2             135           4000          1.3 
 3             155           4000          1.2 
 1             170           4000          1 
 125           1200          4             10 
 4000          1             2             40 
 4050          1             3             315 
 4000          1             3             205 
 4050          1             4             10 
 4000          1             2             90 
 4050          1             4             180 
 4000          1             1             270 
 4050          1             125           1200 
 2             20            4000          1.35 
 3             350           4100          1.35 
 2             100           4000          1.35 
 4             80            4100          1.35 
 1             170 
 4000          1             125           1200 
 3             225           4000          1.1 
 4             200           4050          1.25 
 3             160 
 4000          1             2             170 
 4050          1             3             45 
 4000          1             3             25 
 4050          1             2             135 
 4000          1             2             115 
 4000          1             1             170 
 4000          1             125           1200 
 4             10            4000          1.1 
 4             20 
 4050          1             3             315 
 4000          1             3             315 
 4050          1             3             10 
 4000          1             3             100 
 4050          1             2             190 
 4000          1             3             280 
 4050          1             1             190 
 4000          1             125           1200 
 99            0             0             0 
