15
'COCOVILLAGE'
STAGE ONE
00,05,00,299
00,00,00,00,00,00,00,00,00,00,00,00,00,00,00,00,00,00,00,00,00,00,00,00,00,00,00,00,00,00,00,00,00,00
00,00,00,00,00,00,00,00,00,00,00,00,00,00,00,00,00,00,00,00,00,00,00,00,00,00,00,00,00,00,00,00,00,00
00,00,00,00,00,00,00,00,00,00,00,00,00,00,00,00,00,00,00,00,00,00,00,00,00,00,00,00,00,00,00,00,00,00
00,00,00,00,00,00,00,00,00,00,00,00,00,00,00,00,00,00,00,00,00,00,00,00,00,00,00,00,00,00,00,00,00,00
00,21,20,20,20,20,20,20,20,20,20,20,20,11,20,20,20,20,20,20,20,20,20,20,20,12,00,00,00,00,00,00,00,21
00,19,04,00,04,00,04,00,04,00,04,00,04,19,04,00,04,00,04,00,04,00,04,00,04,19,00,00,00,00,00,00,00,19
00,19,00,21,20,12,00,21,20,20,20,12,00,19,00,21,20,20,20,12,00,21,20,12,00,19,00,00,00,56,57,00,00,19
00,19,03,13,20,14,04,13,20,20,20,14,04,15,04,13,20,20,20,14,04,13,20,14,03,19,00,00,00,58,59,00,00,19
00,19,00,04,00,04,00,04,00,04,00,04,00,04,00,04,00,04,00,04,00,04,00,04,00,19,00,00,00,00,00,00,00,19
00,19,04,16,20,17,04,21,12,00,16,20,20,11,20,20,17,00,21,12,04,16,20,17,04,19,00,00,00,00,00,00,00,19
00,19,00,04,00,04,00,19,19,04,00,04,00,19,00,04,00,04,19,19,00,04,00,04,00,19,00,00,00,00,00,00,00,19
00,13,20,20,20,12,04,19,22,20,20,17,04,15,04,16,20,20,23,19,04,21,20,20,20,14,00,21,20,20,20,12,00,13
00,00,00,00,00,19,00,19,19,04,00,04,00,04,00,04,00,04,19,19,00,19,00,00,00,00,00,19,00,00,00,19,00,00
20,20,20,20,20,14,04,13,14,00,21,20,60,10,61,20,12,00,13,14,04,13,20,20,20,20,20,14,00,25,00,13,20,20
00,00,00,00,00,00,00,04,00,04,19,01,01,02,01,01,19,04,00,04,00,00,00,00,00,00,00,00,00,00,00,00,00,00
20,20,20,20,20,12,04,21,12,00,13,20,20,20,20,20,14,00,21,12,04,21,20,20,20,20,20,20,20,20,20,20,20,20
00,00,00,00,00,19,00,19,19,04,00,04,00,-4,00,04,00,04,19,19,00,19,00,00,00,00,00,00,00,00,00,00,00,00
00,21,20,20,20,14,04,13,14,00,16,20,20,11,20,20,17,00,13,14,04,13,20,20,20,12,00,00,00,00,00,00,00,21
00,19,00,04,00,04,00,04,00,04,00,04,00,19,00,04,00,04,00,04,00,04,00,04,00,19,00,00,00,00,00,00,00,19
00,19,03,16,20,12,04,16,20,20,20,17,04,15,04,16,20,20,20,17,04,21,20,17,04,19,00,00,00,00,00,00,00,19
00,19,00,04,00,19,00,04,00,04,00,04,00,04,00,04,00,04,00,04,00,19,00,04,03,19,00,00,00,00,00,00,00,19
00,22,20,17,04,15,04,21,12,00,16,20,20,11,20,20,17,00,21,12,04,15,04,16,20,23,00,00,00,00,00,00,00,22
00,19,00,04,00,04,00,19,19,04,00,04,00,19,00,04,00,04,19,19,00,04,00,04,00,19,00,00,00,56,57,00,00,19
00,19,04,16,20,20,20,14,13,20,20,17,04,15,04,16,20,20,14,13,20,20,20,17,04,19,00,00,00,58,59,00,00,19
00,19,00,04,00,04,00,04,00,04,00,04,00,04,00,04,00,04,00,04,00,04,00,04,00,19,00,00,00,00,00,00,00,19
00,13,20,20,20,20,20,20,20,20,20,20,20,20,20,20,20,20,20,20,20,20,20,20,20,14,00,00,00,00,00,00,00,13
00,00,00,00,00,00,00,00,00,00,00,00,00,00,00,00,00,00,00,00,00,00,00,00,00,00,00,00,00,00,00,00,00,00
00,00,00,00,00,00,00,00,00,00,00,00,00,00,00,00,00,00,00,00,00,00,00,00,00,00,00,00,00,00,00,00,00,00
00,00,00,00,00,00,00,00,00,00,00,00,00,00,00,00,00,00,00,00,00,00,00,00,00,00,00,00,00,00,00,00,00,00
00,00,00,00,00,00,00,00,00,00,00,00,00,00,00,00,00,00,00,00,00,00,00,00,00,00,00,00,00,00,00,00,00,00
STAGE TWO
IN THE NEXT...EXTRA
00,04,00,299
00,00,00,00,00,00,00,00,00,00,00,00,00,00,00,00,00,00,00,00,00,00,00,00,00,00,00,00,00,00,00,00,00,00
00,00,00,00,00,00,00,00,00,00,00,00,00,00,00,00,00,00,00,00,00,00,00,00,00,00,00,00,00,00,00,00,00,00
00,00,00,00,00,00,00,00,00,00,00,00,00,00,00,00,00,00,00,00,00,00,00,00,00,00,00,00,00,00,00,00,00,00
00,00,00,00,00,00,00,00,00,00,00,00,00,00,00,00,00,00,00,00,00,00,00,00,00,00,00,00,00,00,00,00,00,00
50,41,50,50,50,50,50,50,50,50,50,50,50,50,50,50,50,50,50,50,50,50,50,50,50,50,50,50,50,50,50,50,50,41
00,49,07,06,06,06,04,00,04,00,04,07,06,06,06,04,00,-4,00,04,05,05,05,07,00,04,00,04,00,07,06,06,06,49
00,49,07,51,42,08,51,42,00,51,42,07,51,42,04,51,42,00,51,42,04,51,42,07,51,42,04,51,42,07,51,42,08,49
00,49,07,43,44,08,43,44,04,43,44,07,43,44,00,43,44,04,43,44,00,43,44,07,43,44,00,43,44,07,43,44,08,49
00,49,05,05,05,08,00,04,07,06,06,06,04,00,04,00,04,00,04,00,04,00,04,05,05,05,07,00,04,05,05,05,08,49
00,49,04,51,42,00,51,42,07,51,42,04,51,42,00,51,42,04,51,42,00,51,42,04,51,42,07,51,42,04,51,42,00,49
00,49,00,43,44,04,43,44,07,43,44,00,43,44,04,43,44,00,43,44,04,43,44,00,43,44,07,43,44,00,43,44,04,49
00,49,04,00,04,03,06,06,06,04,00,04,00,04,00,04,00,04,00,04,00,04,00,04,00,04,05,05,05,03,00,04,00,49
00,49,00,51,42,04,51,42,04,51,42,00,51,42,04,51,42,00,51,42,04,51,42,00,51,42,04,51,42,00,51,42,04,49
00,49,04,43,44,00,43,44,00,43,44,04,43,44,00,43,44,04,43,44,00,43,44,04,43,44,00,43,44,04,43,44,00,49
00,49,05,05,05,07,04,00,04,00,04,00,04,00,04,00,04,03,04,00,04,00,04,00,04,00,04,00,04,07,06,06,06,49
00,49,08,51,42,00,46,50,50,50,50,50,50,47,00,51,60,10,61,42,00,51,42,04,51,42,00,51,42,07,51,42,08,49
00,49,08,43,44,00,00,00,00,00,00,00,00,00,00,49,01,02,01,49,04,43,44,00,43,44,04,43,44,07,43,44,08,49
00,49,08,06,06,06,51,50,50,50,50,50,50,50,50,53,01,01,01,49,00,04,00,04,00,04,00,04,00,05,05,05,08,49
50,54,50,50,50,50,44,00,00,00,00,00,00,00,00,43,50,50,50,54,50,50,50,50,50,50,50,50,50,50,50,50,50,54
00,00,00,00,00,00,00,00,00,00,00,00,00,00,00,00,00,00,00,00,00,00,00,00,00,00,00,00,00,00,00,00,00,00
00,00,00,00,00,00,00,00,00,00,00,00,00,00,00,00,00,00,00,00,00,00,00,00,00,00,00,00,00,00,00,00,00,00
00,00,00,00,00,00,00,00,00,00,00,00,00,00,00,00,00,00,00,00,00,00,00,00,00,00,00,00,00,00,00,00,00,00
00,00,00,00,00,00,00,00,00,00,00,00,00,00,00,00,00,00,00,00,00,00,00,00,00,00,00,00,00,00,00,00,00,00
00,00,00,00,00,00,00,00,00,00,00,00,00,00,00,00,00,00,00,00,00,00,00,00,00,00,00,00,00,00,00,00,00,00
00,00,00,00,00,00,00,00,00,00,00,00,00,00,00,00,00,00,00,00,00,00,00,00,00,00,00,00,00,00,00,00,00,00
00,00,00,00,00,00,00,00,00,00,00,00,00,00,00,00,00,00,00,00,00,00,00,00,00,00,00,00,00,00,00,00,00,00
00,00,00,00,00,00,00,00,00,00,00,00,00,00,00,00,00,00,00,00,00,00,00,00,00,00,00,00,00,00,00,00,00,00
00,00,00,00,00,00,00,00,00,00,00,00,00,00,00,00,00,00,00,00,00,00,00,00,00,00,00,00,00,00,00,00,00,00
00,00,00,00,00,00,00,00,00,00,00,00,00,00,00,00,00,00,00,00,00,00,00,00,00,00,00,00,00,00,00,00,00,00
00,00,00,00,00,00,00,00,00,00,00,00,00,00,00,00,00,00,00,00,00,00,00,00,00,00,00,00,00,00,00,00,00,00
STAGE THREE
EXTRA
01,04,01,299
00,00,00,00,00,00,00,00,00,00,00,00,00,00,00,00,00,00,00,00,00,00,00,00,00,00,00,00,00,00,00,00,00,00
00,00,00,00,00,00,00,00,00,00,00,00,00,00,00,00,00,00,00,00,00,00,00,00,00,00,00,00,00,00,00,00,00,00
00,00,00,00,00,00,00,00,00,00,00,00,00,00,00,00,00,00,00,00,00,00,00,00,00,00,00,00,00,00,00,00,00,00
00,00,00,00,00,00,00,00,00,00,00,00,00,00,00,00,00,00,00,00,00,00,00,00,00,00,00,00,00,00,00,00,00,00
50,41,50,50,50,50,50,50,50,50,50,50,50,50,50,50,50,41,50,50,50,50,50,50,50,50,50,50,50,50,50,50,50,41
00,49,04,00,04,00,-5,98,04,00,04,00,04,00,04,00,04,49,04,00,04,00,04,00,04,00,04,99,-6,00,04,00,04,49
00,49,00,51,50,50,50,50,50,50,50,47,00,46,50,47,00,45,00,46,50,47,00,46,50,50,50,50,50,50,50,42,00,49
00,49,04,49,04,00,04,00,04,00,04,00,04,00,04,00,04,-4,04,00,04,00,04,00,04,00,04,00,04,00,04,49,04,49
00,49,00,49,00,51,50,47,00,46,50,50,50,50,50,50,50,50,50,50,50,50,50,50,50,47,00,46,50,42,00,49,00,49
00,49,04,49,04,49,04,00,04,00,04,00,04,00,04,00,04,00,04,00,04,00,04,00,04,00,04,00,04,49,04,49,04,49
00,49,00,49,00,49,00,51,47,04,46,50,47,00,46,41,60,10,61,41,47,04,46,50,47,04,46,42,00,49,00,49,00,49
00,45,04,45,04,49,04,49,03,00,04,00,04,00,04,49,01,02,01,49,04,00,04,00,04,00,03,49,04,49,04,45,04,45
00,04,00,04,00,49,00,43,47,04,46,50,50,47,00,43,50,50,50,44,00,46,50,50,47,04,46,44,00,49,00,04,00,00
50,50,50,47,04,49,04,00,04,00,04,-5,98,00,04,00,04,00,04,00,04,00,99,-6,04,00,04,00,04,49,04,46,50,50
00,04,00,04,00,49,00,46,50,50,50,50,50,50,50,50,50,50,50,50,50,50,50,50,50,50,50,47,00,49,00,04,00,00
00,48,04,48,00,43,47,03,04,00,04,00,04,00,04,00,05,05,07,00,04,00,04,00,04,00,04,03,46,44,04,48,04,48
00,49,00,49,00,00,00,04,51,50,42,04,51,50,50,42,08,48,07,51,50,50,42,04,51,50,42,04,00,04,00,49,00,49
00,49,04,43,50,50,47,00,43,50,44,00,43,50,50,44,08,49,07,43,50,50,44,00,43,50,44,00,46,50,50,44,04,49
00,49,00,04,00,04,00,04,00,04,00,04,00,04,00,05,08,49,05,05,00,04,00,04,00,04,00,04,00,04,00,04,00,49
50,54,50,50,50,50,50,50,50,50,50,50,50,50,50,50,50,54,50,50,50,50,50,50,50,50,50,50,50,50,50,50,50,54
00,00,00,00,00,00,00,00,00,00,00,00,00,00,00,00,00,00,00,00,00,00,00,00,00,00,00,00,00,00,00,00,00,00
00,00,00,00,00,00,00,00,00,00,00,00,00,00,00,00,00,00,00,00,00,00,00,00,00,00,00,00,00,00,00,00,00,00
00,00,00,00,00,00,00,00,00,00,00,00,00,00,00,00,00,00,00,00,00,00,00,00,00,00,00,00,00,00,00,00,00,00
00,00,00,00,00,00,00,00,00,00,00,00,00,00,00,00,00,00,00,00,00,00,00,00,00,00,00,00,00,00,00,00,00,00
00,00,00,00,00,00,00,00,00,00,00,00,00,00,00,00,00,00,00,00,00,00,00,00,00,00,00,00,00,00,00,00,00,00
00,00,00,00,00,00,00,00,00,00,00,00,00,00,00,00,00,00,00,00,00,00,00,00,00,00,00,00,00,00,00,00,00,00
00,00,00,00,00,00,00,00,00,00,00,00,00,00,00,00,00,00,00,00,00,00,00,00,00,00,00,00,00,00,00,00,00,00
00,00,00,00,00,00,00,00,00,00,00,00,00,00,00,00,00,00,00,00,00,00,00,00,00,00,00,00,00,00,00,00,00,00
00,00,00,00,00,00,00,00,00,00,00,00,00,00,00,00,00,00,00,00,00,00,00,00,00,00,00,00,00,00,00,00,00,00
00,00,00,00,00,00,00,00,00,00,00,00,00,00,00,00,00,00,00,00,00,00,00,00,00,00,00,00,00,00,00,00,00,00
STAGE FOUR

00,03,01,299
00,00,00,00,00,00,00,00,00,00,00,00,00,00,00,00,00,00,00,00,00,00,00,00,00,00,00,00,00,00,00,00,00,00
00,00,00,00,00,00,00,00,00,00,00,00,00,00,00,00,00,00,00,00,00,00,00,00,00,00,00,00,00,00,00,00,00,00
00,00,00,00,00,00,00,00,00,00,00,00,00,00,00,00,00,00,00,00,00,00,00,00,00,00,00,00,00,00,00,00,00,00
00,00,00,00,00,00,00,00,00,00,00,00,00,00,00,00,00,00,00,00,00,00,00,00,00,00,00,00,00,00,00,00,00,00
50,41,50,50,50,50,50,50,50,50,50,50,50,50,50,50,50,50,50,50,50,50,50,50,50,50,50,50,50,50,50,50,50,41
00,49,00,04,99,-6,04,00,04,-5,98,04,00,04,99,-6,04,00,04,-5,98,04,00,04,99,-6,04,00,04,-5,98,04,00,49
00,49,04,51,50,50,42,04,51,50,50,42,04,51,50,50,42,04,51,50,50,42,04,51,50,50,42,04,51,50,50,42,04,49
00,45,00,43,50,50,44,00,43,50,50,44,00,43,50,50,44,00,43,50,50,44,00,43,50,50,44,00,43,50,50,44,00,45
00,00,04,00,04,00,04,00,04,00,04,00,04,00,04,00,04,00,04,00,00,00,00,00,00,00,00,00,00,03,07,06,06,00
00,51,50,50,50,50,47,00,46,50,50,50,50,50,42,00,48,56,57,48,00,51,50,50,42,04,51,50,50,42,07,55,08,51
00,43,50,50,50,50,42,00,51,50,50,50,50,50,44,00,45,58,59,45,00,43,50,50,44,00,43,50,50,44,07,55,08,43
00,04,00,04,00,00,49,00,49,00,00,00,04,00,04,00,04,-4,04,00,04,00,04,00,04,00,04,00,07,06,06,05,08,00
50,50,42,00,51,47,49,00,49,46,50,50,42,00,51,50,50,42,00,51,50,50,42,00,51,50,50,42,07,55,08,51,50,50
50,50,44,04,43,50,44,00,43,50,50,50,44,00,43,50,50,44,00,43,50,50,44,00,43,50,50,44,07,55,08,43,50,50
00,00,00,00,00,00,00,00,00,00,00,00,00,00,04,00,04,00,04,00,04,00,04,00,04,00,05,05,07,05,08,00,00,00
42,00,51,50,50,42,00,51,50,50,42,00,51,50,60,10,10,10,61,50,42,04,51,50,50,42,08,48,07,51,50,50,42,00
44,04,43,50,50,44,04,43,50,50,44,04,49,01,01,01,02,01,01,01,49,00,43,50,50,44,08,49,07,43,50,50,44,00
00,00,04,-5,98,04,00,04,99,-6,04,00,49,01,01,01,01,01,01,01,49,04,00,-5,98,00,08,49,05,00,-5,98,00,00
50,50,50,50,50,50,50,50,50,50,50,50,54,50,50,50,50,50,50,50,54,50,50,50,50,50,50,54,50,50,50,50,50,50
00,00,00,00,00,00,00,00,00,00,00,00,00,00,00,00,00,00,00,00,00,00,00,00,00,00,00,00,00,00,00,00,00,00
00,00,00,00,00,00,00,00,00,00,00,00,00,00,00,00,00,00,00,00,00,00,00,00,00,00,00,00,00,00,00,00,00,00
00,00,00,00,00,00,00,00,00,00,00,00,00,00,00,00,00,00,00,00,00,00,00,00,00,00,00,00,00,00,00,00,00,00
00,00,00,00,00,00,00,00,00,00,00,00,00,00,00,00,00,00,00,00,00,00,00,00,00,00,00,00,00,00,00,00,00,00
00,00,00,00,00,00,00,00,00,00,00,00,00,00,00,00,00,00,00,00,00,00,00,00,00,00,00,00,00,00,00,00,00,00
00,00,00,00,00,00,00,00,00,00,00,00,00,00,00,00,00,00,00,00,00,00,00,00,00,00,00,00,00,00,00,00,00,00
00,00,00,00,00,00,00,00,00,00,00,00,00,00,00,00,00,00,00,00,00,00,00,00,00,00,00,00,00,00,00,00,00,00
00,00,00,00,00,00,00,00,00,00,00,00,00,00,00,00,00,00,00,00,00,00,00,00,00,00,00,00,00,00,00,00,00,00
00,00,00,00,00,00,00,00,00,00,00,00,00,00,00,00,00,00,00,00,00,00,00,00,00,00,00,00,00,00,00,00,00,00
00,00,00,00,00,00,00,00,00,00,00,00,00,00,00,00,00,00,00,00,00,00,00,00,00,00,00,00,00,00,00,00,00,00
00,00,00,00,00,00,00,00,00,00,00,00,00,00,00,00,00,00,00,00,00,00,00,00,00,00,00,00,00,00,00,00,00,00
STAGE FIVE
IN THE NEXT...EXTRA
00,03,00,299
00,00,00,00,00,00,00,00,00,00,00,00,00,00,00,00,00,00,00,00,00,00,00,00,00,00,00,00,00,00,00,00,00,00
00,00,00,00,00,00,00,00,00,00,00,00,00,00,00,00,00,00,00,00,00,00,00,00,00,00,00,00,00,00,00,00,00,00
00,00,00,00,00,00,00,00,00,00,00,00,00,00,00,00,00,00,00,00,00,00,00,00,00,00,00,00,00,00,00,00,00,00
00,00,00,00,00,00,00,00,00,00,00,00,00,00,00,00,00,00,00,00,00,00,00,00,00,00,00,00,00,00,00,00,00,00
00,36,35,35,35,35,35,35,35,35,35,35,35,26,35,35,35,35,35,26,35,35,35,35,35,35,35,35,35,35,35,27,00,36
00,34,04,00,04,00,04,00,04,00,04,00,04,30,04,00,00,00,04,30,04,00,04,00,04,00,04,00,04,00,04,34,00,34
00,34,00,36,27,04,36,27,00,36,35,27,00,04,00,31,35,32,00,04,00,36,35,27,00,36,27,04,36,27,00,34,00,34
35,29,04,34,34,00,28,29,04,34,00,34,04,33,04,00,04,00,04,33,04,34,00,34,04,28,29,00,34,34,04,28,35,29
00,00,00,28,29,04,00,04,00,28,35,29,00,30,00,31,35,32,00,30,00,28,35,29,00,04,00,04,28,29,00,00,00,00
35,27,04,00,04,00,36,27,03,00,04,00,04,-4,04,00,04,00,04,00,04,00,04,00,03,36,27,00,04,00,04,36,35,27
00,28,35,35,35,35,39,39,35,35,35,35,35,35,35,27,07,36,35,35,35,35,35,35,35,39,39,35,35,35,35,29,00,28
00,00,00,00,00,00,00,00,00,00,00,00,00,00,00,34,07,34,00,00,00,00,00,00,00,00,00,00,00,00,00,00,00,00
00,00,00,00,00,00,00,00,00,00,00,00,00,00,00,34,07,34,00,00,00,00,00,00,00,00,00,00,00,00,00,00,00,00
00,36,35,35,35,35,35,35,35,35,35,35,35,35,35,29,07,28,35,35,35,35,35,35,35,35,35,35,35,35,35,27,00,36
00,34,04,00,04,00,04,00,04,00,04,00,04,05,05,05,05,05,05,07,04,00,04,00,04,00,04,00,04,00,04,34,00,34
00,34,00,00,00,00,00,00,00,00,00,00,00,08,36,60,10,61,27,07,00,00,00,00,00,00,00,00,00,00,00,34,00,34
35,29,04,56,57,00,04,00,04,00,04,00,04,08,34,01,02,01,34,07,04,00,04,00,04,00,04,00,56,57,04,28,35,29
00,00,00,58,59,00,00,00,00,00,00,00,00,08,28,35,35,35,29,07,00,00,00,00,00,00,00,00,58,59,00,00,00,00
35,27,04,00,04,00,04,00,04,00,04,00,04,08,06,06,06,06,06,06,04,00,04,00,04,00,04,00,04,00,04,36,35,27
00,28,35,35,35,35,35,35,35,35,35,35,35,35,35,35,35,35,35,35,35,35,35,35,35,35,35,35,35,35,35,29,00,28
00,00,00,00,00,00,00,00,00,00,00,00,00,00,00,00,00,00,00,00,00,00,00,00,00,00,00,00,00,00,00,00,00,00
00,00,00,00,00,00,00,00,00,00,00,00,00,00,00,00,00,00,00,00,00,00,00,00,00,00,00,00,00,00,00,00,00,00
00,00,00,00,00,00,00,00,00,00,00,00,00,00,00,00,00,00,00,00,00,00,00,00,00,00,00,00,00,00,00,00,00,00
00,00,00,00,00,00,00,00,00,00,00,00,00,00,00,00,00,00,00,00,00,00,00,00,00,00,00,00,00,00,00,00,00,00
00,00,00,00,00,00,00,00,00,00,00,00,00,00,00,00,00,00,00,00,00,00,00,00,00,00,00,00,00,00,00,00,00,00
00,00,00,00,00,00,00,00,00,00,00,00,00,00,00,00,00,00,00,00,00,00,00,00,00,00,00,00,00,00,00,00,00,00
00,00,00,00,00,00,00,00,00,00,00,00,00,00,00,00,00,00,00,00,00,00,00,00,00,00,00,00,00,00,00,00,00,00
00,00,00,00,00,00,00,00,00,00,00,00,00,00,00,00,00,00,00,00,00,00,00,00,00,00,00,00,00,00,00,00,00,00
00,00,00,00,00,00,00,00,00,00,00,00,00,00,00,00,00,00,00,00,00,00,00,00,00,00,00,00,00,00,00,00,00,00
00,00,00,00,00,00,00,00,00,00,00,00,00,00,00,00,00,00,00,00,00,00,00,00,00,00,00,00,00,00,00,00,00,00
STAGE SIX
EXTRA
01,03,00,299
00,00,00,00,00,00,00,00,00,00,00,00,00,00,00,00,00,00,00,00,00,00,00,00,00,00,00,00,00,00,00,00,00,00
00,00,00,00,00,00,00,00,00,00,00,00,00,00,00,00,00,00,00,00,00,00,00,00,00,00,00,00,00,00,00,00,00,00
00,00,00,00,00,00,00,00,00,00,00,00,00,00,00,00,00,00,00,00,00,00,00,00,00,00,00,00,00,00,00,00,00,00
00,00,00,00,00,00,00,00,00,00,00,00,00,00,00,00,00,00,00,00,00,00,00,00,00,00,00,00,00,00,00,00,00,00
20,11,20,20,20,20,20,20,20,20,20,20,20,11,20,20,20,20,20,20,20,11,20,20,20,20,20,20,20,20,20,20,20,11
00,19,03,00,04,00,04,00,04,00,04,00,04,19,07,06,06,06,06,06,06,19,04,00,04,00,04,00,04,00,04,00,04,19
00,19,00,25,00,16,11,17,00,18,00,18,00,15,07,21,60,10,61,12,08,15,00,18,00,18,00,16,11,17,00,25,00,19
00,19,04,25,04,00,19,00,04,19,04,19,04,07,06,19,01,02,01,19,08,06,04,19,04,19,04,00,19,00,04,25,04,19
00,19,00,25,25,04,15,04,16,14,00,13,17,07,16,24,20,20,20,24,17,08,16,14,00,13,17,04,15,04,25,25,00,19
00,19,04,00,04,00,04,00,04,00,04,00,04,05,05,05,07,-1,05,05,05,08,04,00,04,00,04,00,04,00,04,00,04,19
00,19,00,16,12,04,16,20,20,12,00,18,00,16,20,12,00,25,00,21,20,17,00,18,00,21,20,20,17,04,21,17,00,19
00,19,04,00,19,00,04,00,04,15,04,19,04,00,04,15,04,03,04,15,04,00,04,19,04,15,04,00,04,00,19,00,04,19
16,24,17,04,19,04,16,17,00,04,00,15,00,18,00,04,00,25,00,04,00,18,00,15,00,04,00,16,17,04,19,04,16,24
00,04,00,00,19,00,04,00,04,25,04,00,04,13,20,17,04,00,04,16,20,14,04,00,04,25,04,00,04,00,19,00,00,00
16,11,17,04,19,04,16,17,00,04,00,18,00,04,00,04,00,18,00,04,00,04,00,18,00,04,00,16,17,04,19,04,16,11
00,19,00,00,19,00,04,00,04,18,04,19,04,25,00,16,20,24,20,17,00,25,04,19,04,18,04,00,04,00,19,00,00,19
00,19,04,16,14,04,16,20,20,14,00,15,00,04,00,00,00,00,00,00,00,04,00,15,00,13,20,20,17,00,13,17,04,19
00,19,00,04,00,00,04,00,04,00,04,00,04,16,20,20,11,20,11,20,20,17,00,04,00,04,00,04,00,04,00,04,00,19
00,19,04,25,25,25,00,25,25,25,00,18,00,00,04,00,13,11,14,00,04,00,04,18,04,25,25,25,04,25,25,25,04,19
00,19,00,25,25,25,00,25,25,25,00,13,20,20,17,04,00,15,00,04,16,20,20,14,00,25,25,25,00,25,25,25,00,19
00,19,04,00,04,00,04,00,04,00,04,00,04,00,04,00,04,00,04,00,04,00,04,00,04,00,04,00,04,00,04,00,03,19
20,24,20,20,20,20,20,20,20,20,20,20,20,20,20,20,20,20,20,20,20,20,20,20,20,20,20,20,20,20,20,20,20,24
00,00,00,00,00,00,00,00,00,00,00,00,00,00,00,00,00,00,00,00,00,00,00,00,00,00,00,00,00,00,00,00,00,00
00,00,00,00,00,00,00,00,00,00,00,00,00,00,00,00,00,00,00,00,00,00,00,00,00,00,00,00,00,00,00,00,00,00
00,00,00,00,00,00,00,00,00,00,00,00,00,00,00,00,00,00,00,00,00,00,00,00,00,00,00,00,00,00,00,00,00,00
00,00,00,00,00,00,00,00,00,00,00,00,00,00,00,00,00,00,00,00,00,00,00,00,00,00,00,00,00,00,00,00,00,00
00,00,00,00,00,00,00,00,00,00,00,00,00,00,00,00,00,00,00,00,00,00,00,00,00,00,00,00,00,00,00,00,00,00
00,00,00,00,00,00,00,00,00,00,00,00,00,00,00,00,00,00,00,00,00,00,00,00,00,00,00,00,00,00,00,00,00,00
00,00,00,00,00,00,00,00,00,00,00,00,00,00,00,00,00,00,00,00,00,00,00,00,00,00,00,00,00,00,00,00,00,00
00,00,00,00,00,00,00,00,00,00,00,00,00,00,00,00,00,00,00,00,00,00,00,00,00,00,00,00,00,00,00,00,00,00
STAGE SEVEN

00,03,00,299
00,00,00,00,00,00,00,00,00,00,00,00,00,00,00,00,00,00,00,00,00,00,00,00,00,00,00,00,00,00,00,00,00,00
00,00,00,00,00,00,00,00,00,00,00,00,00,00,00,00,00,00,00,00,00,00,00,00,00,00,00,00,00,00,00,00,00,00
00,00,00,00,00,00,00,00,00,00,00,00,00,00,00,00,00,00,00,00,00,00,00,00,00,00,00,00,00,00,00,00,00,00
00,00,00,00,00,00,00,00,00,00,00,00,00,00,00,00,00,00,00,00,00,00,00,00,00,00,00,00,00,00,00,00,00,00
00,36,35,35,35,35,35,35,35,35,35,35,35,35,35,35,35,35,35,27,00,00,36,35,35,35,35,35,35,35,35,27,00,36
00,34,00,04,00,04,00,04,00,04,00,04,00,04,00,04,00,04,00,34,00,00,34,04,00,04,00,04,00,04,00,34,00,34
00,34,00,33,04,33,04,36,35,27,04,31,35,35,26,35,35,32,04,34,00,00,34,00,36,32,04,31,35,27,04,34,00,34
00,34,00,34,00,30,00,34,00,34,00,05,05,07,30,05,05,05,00,34,00,00,34,04,34,04,00,04,00,34,00,34,00,34
00,34,00,34,04,00,04,28,35,29,04,31,32,07,00,08,31,32,04,34,00,00,34,00,28,35,32,00,31,29,04,34,00,34
00,34,00,34,00,33,00,04,00,04,00,06,06,06,33,08,06,06,00,34,00,00,34,04,00,04,00,04,00,04,00,34,00,34
00,34,00,34,04,30,04,33,36,32,00,31,35,35,39,35,35,32,04,34,00,00,34,33,04,33,04,31,27,00,33,34,00,34
00,34,00,34,00,04,00,34,34,04,00,00,00,00,00,00,00,00,00,34,00,00,34,34,00,34,00,04,34,04,34,34,00,34
00,34,00,34,04,33,04,34,34,00,36,35,35,35,35,35,35,35,35,29,00,00,34,30,04,28,32,00,30,00,30,34,00,34
00,34,00,30,00,30,00,28,29,04,34,00,00,00,00,00,00,00,00,00,00,00,34,04,00,04,00,04,00,04,00,34,00,34
00,34,04,00,04,00,04,00,04,00,34,00,00,36,35,35,35,35,35,35,35,35,29,00,33,00,31,35,35,27,04,34,00,34
35,39,35,35,35,35,32,04,33,04,34,00,00,34,00,04,00,04,00,04,00,04,00,04,34,04,07,06,06,30,00,28,35,39
00,00,04,00,04,00,04,00,34,00,34,00,00,34,04,31,35,35,26,35,35,32,04,31,39,32,07,33,08,06,04,00,04,00
35,26,35,35,35,35,32,04,30,04,34,00,00,34,00,04,00,04,30,04,00,04,00,04,00,04,07,37,35,32,00,36,35,26
00,34,04,-4,04,00,04,00,04,00,34,00,00,34,04,31,32,00,04,00,31,32,04,31,26,32,07,30,05,05,04,34,00,34
00,37,60,10,61,27,00,36,27,04,34,00,00,34,00,04,00,04,33,04,00,04,00,04,34,04,05,05,08,33,00,34,00,34
00,34,01,02,01,34,04,28,29,00,34,00,00,34,00,31,35,35,39,35,35,32,04,00,30,00,31,35,35,29,04,34,00,34
00,34,01,01,01,34,00,04,00,03,34,00,00,34,00,00,00,00,00,00,00,00,00,04,00,04,00,04,00,04,00,34,00,34
00,28,35,35,35,39,35,35,35,35,29,00,00,28,35,35,35,35,35,35,35,35,35,35,35,35,35,35,35,35,35,29,00,28
00,00,00,00,00,00,00,00,00,00,00,00,00,00,00,00,00,00,00,00,00,00,00,00,00,00,00,00,00,00,00,00,00,00
00,00,00,00,00,00,00,00,00,00,00,00,00,00,00,00,00,00,00,00,00,00,00,00,00,00,00,00,00,00,00,00,00,00
00,00,00,00,00,00,00,00,00,00,00,00,00,00,00,00,00,00,00,00,00,00,00,00,00,00,00,00,00,00,00,00,00,00
00,00,00,00,00,00,00,00,00,00,00,00,00,00,00,00,00,00,00,00,00,00,00,00,00,00,00,00,00,00,00,00,00,00
00,00,00,00,00,00,00,00,00,00,00,00,00,00,00,00,00,00,00,00,00,00,00,00,00,00,00,00,00,00,00,00,00,00
00,00,00,00,00,00,00,00,00,00,00,00,00,00,00,00,00,00,00,00,00,00,00,00,00,00,00,00,00,00,00,00,00,00
00,00,00,00,00,00,00,00,00,00,00,00,00,00,00,00,00,00,00,00,00,00,00,00,00,00,00,00,00,00,00,00,00,00
STAGE EIGHT

00,03,00,299
00,00,00,00,00,00,00,00,00,00,00,00,00,00,00,00,00,00,00,00,00,00,00,00,00,00,00,00,00,00,00,00,00,00
55,55,56,57,55,50,50,50,50,50,50,50,50,50,50,55,56,57,55,50,50,50,50,50,50,50,50,50,50,55,56,57,55,55
55,55,58,59,55,50,50,50,50,50,50,50,50,50,46,47,58,59,46,47,50,50,50,50,50,50,50,50,50,55,58,59,55,55
55,55,55,55,55,50,50,50,50,50,50,50,50,50,50,55,55,55,55,50,50,50,50,50,50,50,50,50,50,55,55,55,55,55
35,26,35,35,35,35,35,35,35,35,35,35,35,35,35,35,35,35,35,35,35,35,35,35,35,35,35,35,35,35,35,35,35,26
00,34,04,00,04,00,04,00,04,00,04,00,04,00,04,00,00,00,00,00,04,00,04,00,04,00,04,00,04,00,04,00,04,34
00,34,00,31,32,00,33,00,31,32,00,33,00,31,32,00,33,04,31,32,00,33,00,31,32,04,33,00,31,32,00,33,00,34
00,34,04,00,04,00,34,04,00,04,00,34,04,00,04,00,34,00,04,00,04,34,04,00,04,00,34,04,00,04,00,34,04,34
00,34,00,31,35,35,29,00,31,35,35,29,00,31,35,35,29,04,31,35,35,29,00,31,35,35,29,00,31,35,35,29,00,34
00,34,00,00,04,00,04,00,04,00,04,00,04,00,04,00,04,00,04,00,04,00,04,00,04,00,04,00,04,00,04,00,00,34
35,63,35,35,35,35,35,35,35,35,35,35,35,35,35,35,32,04,31,35,35,35,35,35,35,35,35,35,35,35,35,35,35,63
00,34,04,00,04,00,04,00,04,00,04,00,04,00,04,00,04,-4,04,00,04,00,04,00,04,00,04,00,04,00,04,00,04,34
00,34,00,31,32,00,33,00,33,00,31,32,00,31,32,00,33,00,33,00,31,32,00,31,32,00,33,00,33,00,31,32,00,34
00,34,03,04,00,04,34,04,34,04,00,04,00,04,00,04,34,00,34,04,00,04,00,04,00,04,34,04,34,04,00,04,03,34
00,34,04,31,35,35,29,00,28,35,35,32,04,31,35,35,29,00,28,35,35,32,00,31,35,35,29,00,28,35,35,32,00,34
00,34,00,04,00,04,00,04,00,04,00,04,00,04,00,04,00,00,00,04,00,04,00,04,00,04,00,04,00,04,00,04,00,34
35,39,35,35,35,35,35,35,35,35,35,32,04,46,50,50,60,10,61,50,50,47,04,31,35,35,35,35,35,35,35,35,35,39
00,00,00,00,00,00,00,00,00,00,00,00,00,00,-5,98,00,-8,00,99,-6,00,00,00,00,00,00,00,00,00,00,00,00,00
35,35,35,35,35,35,35,35,35,35,35,35,35,35,35,35,35,35,35,35,35,35,35,35,35,35,35,35,35,35,35,35,35,35
55,55,56,57,55,50,50,50,50,50,50,50,50,50,50,50,55,56,57,55,50,50,50,50,50,50,50,50,50,55,56,57,55,55
55,55,58,59,55,50,50,50,50,50,50,50,50,50,50,46,47,58,59,46,47,50,50,50,50,50,50,50,50,55,58,59,55,55
55,55,55,55,55,50,50,50,50,50,50,50,50,50,50,50,55,55,55,55,50,50,50,50,50,50,50,50,50,55,55,55,55,55
00,00,00,00,00,00,00,00,00,00,00,00,00,00,00,00,00,00,00,00,00,00,00,00,00,00,00,00,00,00,00,00,00,00
00,00,00,00,00,00,00,00,00,00,00,00,00,00,00,00,00,00,00,00,00,00,00,00,00,00,00,00,00,00,00,00,00,00
00,00,00,00,00,00,00,00,00,00,00,00,00,00,00,00,00,00,00,00,00,00,00,00,00,00,00,00,00,00,00,00,00,00
00,00,00,00,00,00,00,00,00,00,00,00,00,00,00,00,00,00,00,00,00,00,00,00,00,00,00,00,00,00,00,00,00,00
00,00,00,00,00,00,00,00,00,00,00,00,00,00,00,00,00,00,00,00,00,00,00,00,00,00,00,00,00,00,00,00,00,00
00,00,00,00,00,00,00,00,00,00,00,00,00,00,00,00,00,00,00,00,00,00,00,00,00,00,00,00,00,00,00,00,00,00
00,00,00,00,00,00,00,00,00,00,00,00,00,00,00,00,00,00,00,00,00,00,00,00,00,00,00,00,00,00,00,00,00,00
00,00,00,00,00,00,00,00,00,00,00,00,00,00,00,00,00,00,00,00,00,00,00,00,00,00,00,00,00,00,00,00,00,00
STAGE NINE

00,03,02,299
00,00,00,00,00,00,00,00,00,00,00,00,00,00,00,00,00,00,00,00,00,00,00,00,00,00,00,00,00,00,00,00,00,00
00,00,00,00,00,00,00,00,00,00,00,00,00,00,00,00,00,00,00,00,00,00,00,00,00,00,00,00,00,00,00,00,00,00
00,00,00,00,00,00,00,00,00,00,00,00,00,00,00,00,00,00,00,00,00,00,00,00,00,00,00,00,00,00,00,00,00,00
00,00,00,00,00,00,00,00,00,00,00,00,00,00,00,00,00,00,00,00,00,00,00,00,00,00,00,00,00,00,00,00,00,00
20,11,20,20,20,20,20,20,20,20,20,11,20,20,20,20,20,20,20,20,20,20,20,11,20,20,20,20,20,20,20,20,20,11
00,19,03,04,00,04,00,04,00,04,00,19,00,04,00,04,00,25,00,04,00,04,00,19,00,04,00,04,00,04,00,04,03,19
00,19,04,21,20,20,12,00,21,12,04,15,04,16,17,00,25,03,25,00,16,17,04,15,04,21,12,00,21,20,20,12,04,19
00,15,00,13,20,20,14,04,13,14,00,04,00,04,00,04,25,04,25,04,00,04,00,04,00,13,14,04,13,20,20,14,00,15
00,07,06,06,04,00,04,00,04,00,04,16,20,20,12,00,04,00,04,00,21,20,20,17,04,00,04,00,04,00,04,00,04,00
18,00,18,08,16,20,20,17,00,18,00,04,00,04,15,04,16,20,17,04,15,04,00,04,00,18,00,16,20,20,17,04,18,00
19,00,19,08,04,00,04,00,04,19,04,16,17,00,04,00,04,00,04,00,04,00,16,17,04,19,04,00,04,00,04,00,19,00
19,00,19,08,16,20,20,17,00,15,00,04,00,18,00,21,60,10,61,12,00,18,00,04,00,15,00,16,20,20,17,04,19,00
19,00,19,08,04,00,04,00,04,00,04,18,04,15,04,19,01,02,01,19,04,15,04,18,04,00,04,00,00,00,04,00,19,00
23,00,22,17,00,16,17,00,16,17,00,19,07,06,06,13,20,20,20,14,05,05,07,19,00,16,17,00,16,17,00,16,23,00
19,00,19,00,04,00,04,00,04,00,04,19,07,18,08,06,06,-4,05,05,08,18,07,19,04,00,04,00,04,00,04,06,19,00
19,00,19,04,16,20,20,17,00,18,00,15,07,13,17,00,16,20,17,00,16,14,07,15,00,18,00,16,20,20,17,08,19,00
19,00,19,00,04,00,04,00,04,19,07,06,06,00,04,00,04,00,04,00,04,00,05,05,07,19,04,00,04,00,04,08,19,00
15,00,15,04,16,20,20,17,00,15,07,21,20,12,00,21,12,08,21,12,00,21,20,12,07,15,00,16,20,20,17,08,15,00
00,00,04,00,04,00,04,00,04,00,07,19,25,19,04,13,14,08,13,14,04,19,25,19,07,00,04,00,04,00,04,08,06,00
00,18,00,16,20,20,17,04,16,17,07,13,20,14,05,05,05,08,06,06,06,13,20,14,07,16,17,00,16,20,20,17,00,18
00,19,03,00,04,00,04,00,04,00,05,05,05,05,08,21,20,20,20,12,08,06,06,06,06,00,04,00,04,00,04,00,03,19
20,24,20,20,20,20,20,20,20,20,20,20,20,20,20,24,20,20,20,24,20,20,20,20,20,20,20,20,20,20,20,20,20,24
00,00,00,00,00,00,00,00,00,00,00,00,00,00,00,00,00,00,00,00,00,00,00,00,00,00,00,00,00,00,00,00,00,00
00,00,00,00,00,00,00,00,00,00,00,00,00,00,00,00,00,00,00,00,00,00,00,00,00,00,00,00,00,00,00,00,00,00
00,00,00,00,00,00,00,00,00,00,00,00,00,00,00,00,00,00,00,00,00,00,00,00,00,00,00,00,00,00,00,00,00,00
00,00,00,00,00,00,00,00,00,00,00,00,00,00,00,00,00,00,00,00,00,00,00,00,00,00,00,00,00,00,00,00,00,00
00,00,00,00,00,00,00,00,00,00,00,00,00,00,00,00,00,00,00,00,00,00,00,00,00,00,00,00,00,00,00,00,00,00
00,00,00,00,00,00,00,00,00,00,00,00,00,00,00,00,00,00,00,00,00,00,00,00,00,00,00,00,00,00,00,00,00,00
00,00,00,00,00,00,00,00,00,00,00,00,00,00,00,00,00,00,00,00,00,00,00,00,00,00,00,00,00,00,00,00,00,00
00,00,00,00,00,00,00,00,00,00,00,00,00,00,00,00,00,00,00,00,00,00,00,00,00,00,00,00,00,00,00,00,00,00
STAGE TEN

00,03,00,59
00,00,00,00,00,00,00,00,00,00,00,00,00,00,00,00,00,00,00,00,00,00,00,00,00,00,00,00,00,00,00,00,00,00
00,00,00,00,00,00,00,00,00,00,00,00,00,00,00,00,00,00,00,00,00,00,00,00,00,00,00,00,00,00,00,00,00,00
00,00,00,00,00,00,00,00,00,00,00,00,00,00,00,00,00,00,00,00,00,00,00,00,00,00,00,00,00,00,00,00,00,00
00,00,00,00,00,00,00,00,00,00,00,00,00,00,00,00,00,00,00,00,00,00,00,00,00,00,00,00,00,00,00,00,00,00
50,50,50,50,50,50,50,50,50,50,50,50,50,50,50,50,50,41,50,50,50,50,50,50,50,50,50,50,50,50,50,50,50,50
00,55,03,00,04,00,04,00,04,00,04,00,04,00,04,00,04,49,04,00,04,00,04,00,04,00,04,00,04,00,04,00,03,55
46,50,47,04,55,04,48,00,51,50,47,04,46,47,00,04,00,49,00,51,50,47,00,46,47,04,48,00,48,04,55,04,46,50
00,55,00,00,04,00,49,00,49,00,04,00,04,00,04,48,04,49,04,45,04,00,04,00,04,00,49,00,49,00,00,00,00,55
46,50,47,04,55,04,49,00,49,04,46,47,00,46,50,44,00,49,00,04,00,46,47,04,46,47,49,00,49,04,55,04,46,50
00,55,00,00,04,00,49,00,49,00,04,00,04,00,04,00,04,49,04,00,04,00,04,00,04,00,49,00,49,00,00,00,00,55
46,50,47,04,55,04,49,00,49,51,50,50,50,42,00,04,00,45,00,04,00,51,50,50,50,42,49,00,49,04,55,04,46,50
00,55,03,00,04,00,49,00,49,49,48,48,48,49,04,00,04,-4,04,00,04,49,48,48,48,49,49,00,49,00,00,00,03,55
46,50,47,04,55,04,45,00,45,45,49,49,49,49,00,51,60,10,61,42,00,49,49,49,49,45,45,00,45,04,55,04,46,50
00,00,04,00,04,00,04,00,04,00,45,49,49,49,04,49,01,02,01,49,04,49,49,49,45,00,04,00,04,00,04,00,04,00
46,50,47,04,55,04,48,04,48,04,00,45,49,49,00,43,50,41,50,44,00,49,49,45,00,04,48,04,48,04,55,04,46,50
00,55,00,00,04,00,49,00,49,48,04,00,45,49,04,00,04,49,04,00,04,49,45,00,04,48,49,00,49,00,00,00,00,55
46,50,47,04,55,04,45,04,49,49,48,04,00,45,00,48,00,49,00,48,00,45,00,04,48,49,49,04,45,04,55,04,46,50
00,55,00,00,04,00,04,00,49,45,45,55,04,00,04,49,04,49,04,49,04,00,04,55,45,45,49,00,04,00,00,00,00,55
46,50,47,04,55,04,48,04,43,50,50,50,50,47,00,45,00,49,00,45,00,46,50,50,50,50,44,04,48,04,55,04,46,50
00,55,03,00,04,00,49,00,04,-5,98,00,04,00,04,00,04,49,04,00,04,00,04,00,99,-6,04,00,49,00,04,00,03,55
50,50,50,50,50,50,54,50,50,50,50,50,50,50,50,50,50,54,50,50,50,50,50,50,50,50,50,50,54,50,50,50,50,50
00,00,00,00,00,00,00,00,00,00,00,00,00,00,00,00,00,00,00,00,00,00,00,00,00,00,00,00,00,00,00,00,00,00
00,00,00,00,00,00,00,00,00,00,00,00,00,00,00,00,00,00,00,00,00,00,00,00,00,00,00,00,00,00,00,00,00,00
00,00,00,00,00,00,00,00,00,00,00,00,00,00,00,00,00,00,00,00,00,00,00,00,00,00,00,00,00,00,00,00,00,00
00,00,00,00,00,00,00,00,00,00,00,00,00,00,00,00,00,00,00,00,00,00,00,00,00,00,00,00,00,00,00,00,00,00
00,00,00,00,00,00,00,00,00,00,00,00,00,00,00,00,00,00,00,00,00,00,00,00,00,00,00,00,00,00,00,00,00,00
00,00,00,00,00,00,00,00,00,00,00,00,00,00,00,00,00,00,00,00,00,00,00,00,00,00,00,00,00,00,00,00,00,00
00,00,00,00,00,00,00,00,00,00,00,00,00,00,00,00,00,00,00,00,00,00,00,00,00,00,00,00,00,00,00,00,00,00
00,00,00,00,00,00,00,00,00,00,00,00,00,00,00,00,00,00,00,00,00,00,00,00,00,00,00,00,00,00,00,00,00,00
00,00,00,00,00,00,00,00,00,00,00,00,00,00,00,00,00,00,00,00,00,00,00,00,00,00,00,00,00,00,00,00,00,00
STAGE ELEVEN

00,03,01,299
00,00,00,00,00,00,00,00,00,00,00,00,00,00,00,00,00,00,00,00,00,00,00,00,00,00,00,00,00,00,00,00,00,00
00,00,00,00,00,00,00,00,00,00,00,00,00,00,00,00,00,00,00,00,00,00,00,00,00,00,00,00,00,00,00,00,00,00
00,00,00,00,00,00,00,00,00,00,00,00,00,00,00,00,00,00,00,00,00,00,00,00,00,00,00,00,00,00,00,00,00,00
00,00,00,00,00,00,00,00,00,00,00,00,00,00,00,00,00,00,00,00,00,00,00,00,00,00,00,00,00,00,00,00,00,00
20,11,20,20,20,20,20,20,20,20,20,20,20,20,20,20,20,20,11,20,20,20,20,20,20,20,20,20,20,20,20,20,20,11
00,19,04,00,04,00,04,00,04,00,04,00,04,00,04,00,04,00,15,03,04,00,04,00,04,00,04,00,04,00,04,00,04,19
00,19,00,21,20,20,12,04,21,20,20,12,00,21,20,20,12,04,00,18,00,04,00,04,00,04,00,04,00,04,00,04,00,19
00,19,04,19,00,00,19,00,19,00,04,15,04,19,00,00,19,00,04,19,04,00,04,21,17,60,10,61,16,12,04,00,04,19
00,19,00,22,20,11,14,04,19,04,00,04,00,22,20,11,14,04,00,19,00,04,00,19,01,01,02,01,01,19,00,04,00,19
00,19,04,19,04,15,00,00,19,00,16,12,04,19,04,15,04,00,04,19,04,00,04,13,20,20,20,20,20,14,04,00,04,19
00,19,00,15,00,04,25,04,13,20,20,14,00,15,00,04,25,04,00,15,00,04,00,04,00,04,00,04,00,04,00,04,00,19
00,19,04,00,04,00,04,00,04,00,04,00,04,00,04,00,04,00,04,00,04,00,04,00,04,00,04,00,04,00,04,00,04,19
00,19,00,21,20,20,12,04,00,04,05,07,00,04,00,05,07,04,07,06,06,06,06,06,00,04,00,06,06,06,06,06,00,19
00,19,04,19,00,00,19,00,18,00,08,05,07,00,05,08,07,00,05,00,00,00,00,08,06,00,07,00,00,00,00,08,06,19
00,19,00,22,20,20,14,04,19,04,08,04,05,05,08,00,07,04,05,05,05,05,05,07,08,04,07,00,00,00,00,05,08,19
00,19,04,19,04,00,04,00,19,-4,08,00,04,00,04,00,07,00,08,00,04,00,04,07,08,00,07,00,00,00,00,08,06,19
00,19,00,15,00,04,00,04,19,03,08,04,00,04,00,04,05,04,08,04,00,04,00,05,08,04,05,05,05,05,05,05,08,19
00,19,04,00,04,00,04,00,19,00,04,00,04,00,04,00,04,00,04,00,04,00,04,00,04,00,04,00,04,00,04,00,04,19
00,19,00,04,16,17,00,04,19,04,05,07,00,04,00,05,07,04,00,04,07,06,00,04,00,04,07,06,00,04,00,06,06,19
00,19,04,18,00,00,18,00,19,00,08,05,07,00,05,08,07,00,04,00,07,08,04,00,04,00,05,05,05,07,05,05,08,19
00,19,00,22,20,20,23,04,19,04,08,04,05,05,08,04,07,04,00,04,07,08,00,04,00,04,00,04,05,05,08,04,00,19
00,19,04,19,04,00,19,00,19,00,08,00,04,00,04,00,07,00,04,00,05,08,04,00,04,00,07,05,08,05,05,07,08,19
00,19,00,15,00,04,15,04,19,03,08,04,00,04,00,04,05,04,00,04,05,08,00,04,00,04,05,08,00,04,00,05,08,19
00,19,04,00,04,00,04,00,19,00,04,00,04,00,04,00,04,00,04,00,04,00,04,00,04,00,04,00,04,00,04,00,04,19
20,24,20,20,20,20,20,20,24,20,20,20,20,20,20,20,20,20,20,20,20,20,20,20,20,20,20,20,20,20,20,20,20,24
00,00,00,00,00,00,00,00,00,00,00,00,00,00,00,00,00,00,00,00,00,00,00,00,00,00,00,00,00,00,00,00,00,00
00,00,00,00,00,00,00,00,00,00,00,00,00,00,00,00,00,00,00,00,00,00,00,00,00,00,00,00,00,00,00,00,00,00
00,00,00,00,00,00,00,00,00,00,00,00,00,00,00,00,00,00,00,00,00,00,00,00,00,00,00,00,00,00,00,00,00,00
00,00,00,00,00,00,00,00,00,00,00,00,00,00,00,00,00,00,00,00,00,00,00,00,00,00,00,00,00,00,00,00,00,00
00,00,00,00,00,00,00,00,00,00,00,00,00,00,00,00,00,00,00,00,00,00,00,00,00,00,00,00,00,00,00,00,00,00
STAGE TWELVE
IN THE NEXT...EXTRA
00,03,01,299
00,00,00,00,00,00,00,00,00,00,00,00,00,00,00,00,00,00,00,00,00,00,00,00,00,00,00,00,00,00,00,00,00,00
00,00,00,00,00,00,00,00,00,00,00,00,00,00,00,00,00,00,00,00,00,00,00,00,00,00,00,00,00,00,00,00,00,00
00,00,00,00,00,00,00,00,00,00,00,00,00,00,00,00,00,00,00,00,00,00,00,00,00,00,00,00,00,00,00,00,00,00
00,00,00,00,00,00,00,00,00,00,00,00,00,00,00,00,00,00,00,00,00,00,00,00,00,00,00,00,00,00,00,00,00,00
42,51,50,50,50,50,50,50,50,50,50,50,50,50,50,50,50,50,50,50,50,50,50,50,50,50,50,50,50,50,50,50,42,51
49,49,04,00,04,00,04,00,04,00,04,00,04,00,04,00,04,00,04,00,04,00,04,00,04,00,04,00,04,00,04,00,49,49
49,49,00,04,00,04,00,04,00,04,00,04,00,04,00,04,00,04,00,04,00,04,00,04,00,04,00,04,00,04,00,04,49,49
49,49,04,00,04,48,00,48,04,00,04,00,04,00,04,00,04,00,04,00,04,00,04,00,04,00,48,00,48,00,04,00,49,49
49,49,00,04,00,49,00,49,00,04,00,04,00,04,00,04,00,04,00,04,00,04,00,04,00,04,49,00,49,04,00,04,49,49
49,49,04,00,04,49,00,49,04,00,04,00,04,00,04,00,04,00,-4,00,04,00,04,00,04,00,49,00,49,00,04,00,49,49
49,49,00,04,00,49,00,49,00,04,00,04,00,04,00,04,46,42,10,51,47,04,00,04,00,04,49,00,49,04,00,04,49,49
49,49,04,00,04,49,00,49,04,00,04,00,04,00,04,00,04,45,01,45,04,00,04,00,04,00,49,00,49,00,04,00,49,49
49,49,00,04,00,49,00,49,00,04,00,04,00,04,00,04,55,01,01,01,55,04,00,04,00,04,49,00,49,04,00,04,49,49
49,49,04,00,04,49,00,49,04,00,04,00,04,00,04,48,01,01,02,01,01,48,04,00,04,00,49,00,49,00,04,00,49,49
49,49,00,04,00,49,00,49,00,04,00,04,00,04,00,45,01,01,01,01,01,45,00,04,00,04,49,00,49,04,00,04,49,49
49,49,04,00,04,49,00,49,04,00,04,00,04,00,04,00,55,01,01,01,55,00,04,00,04,00,49,00,49,00,04,00,49,49
49,49,00,04,00,49,00,49,00,04,00,04,00,04,00,04,00,46,50,47,00,04,00,04,00,04,49,00,49,04,00,04,49,49
49,49,04,00,04,49,00,49,04,00,04,00,04,00,04,00,04,00,04,00,04,00,04,00,04,00,49,00,49,00,04,00,49,49
49,49,00,04,00,45,00,45,00,04,00,04,00,04,00,04,00,04,00,04,00,04,00,04,00,04,45,00,45,04,00,04,49,49
45,45,04,00,04,00,04,00,04,00,04,00,04,00,04,00,04,00,04,00,04,00,04,00,04,00,04,00,04,00,04,00,45,45
50,50,50,50,50,50,50,50,50,50,50,50,50,50,50,47,00,04,00,04,00,46,50,50,50,50,50,50,50,50,50,50,50,50
00,00,00,00,00,00,00,00,00,00,00,00,00,00,00,00,04,00,04,00,04,00,00,00,00,00,00,00,00,00,00,00,00,00
50,50,50,50,50,50,50,50,50,50,50,50,50,50,50,50,50,50,50,50,50,50,50,50,50,50,50,50,50,50,50,50,50,50
00,00,00,00,00,00,00,00,00,00,00,00,00,00,00,00,00,00,00,00,00,00,00,00,00,00,00,00,00,00,00,00,00,00
00,00,00,00,00,00,00,00,00,00,00,00,00,00,00,00,00,00,00,00,00,00,00,00,00,00,00,00,00,00,00,00,00,00
00,00,00,00,00,00,00,00,00,00,00,00,00,00,00,00,00,00,00,00,00,00,00,00,00,00,00,00,00,00,00,00,00,00
00,00,00,00,00,00,00,00,00,00,00,00,00,00,00,00,00,00,00,00,00,00,00,00,00,00,00,00,00,00,00,00,00,00
00,00,00,00,00,00,00,00,00,00,00,00,00,00,00,00,00,00,00,00,00,00,00,00,00,00,00,00,00,00,00,00,00,00
00,00,00,00,00,00,00,00,00,00,00,00,00,00,00,00,00,00,00,00,00,00,00,00,00,00,00,00,00,00,00,00,00,00
00,00,00,00,00,00,00,00,00,00,00,00,00,00,00,00,00,00,00,00,00,00,00,00,00,00,00,00,00,00,00,00,00,00
STAGE THIRTEEN
EXTRA
01,02,00,99
00,00,00,00,00,00,00,00,00,00,00,00,00,00,00,00,00,00,00,00,00,00,00,00,00,00,00,00,00,00,00,00,00,00
00,00,00,00,00,00,00,00,00,00,00,00,00,00,00,00,00,00,00,00,00,00,00,00,00,00,00,00,00,00,00,00,00,00
00,00,00,00,00,00,00,00,00,00,00,00,00,00,00,00,00,00,00,00,00,00,00,00,00,00,00,00,00,00,00,00,00,00
00,00,00,00,00,00,00,00,00,00,00,00,00,00,00,00,00,00,00,00,00,00,00,00,00,00,00,00,00,00,00,00,00,00
00,00,00,36,35,35,35,35,35,35,35,35,27,00,00,00,00,00,00,00,00,00,36,35,35,35,35,35,35,35,35,27,00,00
00,00,00,34,03,04,00,04,00,04,00,04,34,00,00,00,00,00,00,00,00,00,34,04,00,04,00,04,00,04,03,34,00,00
00,00,00,34,04,31,32,00,04,31,32,00,34,00,00,00,00,00,00,00,00,00,34,00,31,32,04,00,31,32,04,34,00,00
35,35,35,29,00,04,00,40,00,04,00,04,28,35,35,35,35,35,35,35,35,35,29,04,00,04,00,40,00,04,00,28,35,35
00,00,04,00,04,33,04,00,33,00,33,00,04,00,04,00,04,00,04,00,04,00,04,00,33,00,33,00,04,33,04,00,04,00
35,35,35,27,00,28,32,04,30,04,30,04,36,35,35,35,27,04,36,35,35,35,27,04,30,04,30,04,31,29,00,36,35,35
00,00,00,34,00,00,04,00,04,00,04,00,34,00,00,00,34,00,34,00,00,00,34,00,04,00,04,00,04,00,00,34,00,00
00,00,00,28,35,35,27,04,36,35,35,35,29,00,00,00,34,04,34,00,00,00,28,35,35,27,00,36,35,35,35,29,00,00
00,00,00,00,00,00,34,00,34,00,00,00,00,00,00,00,34,00,34,00,00,00,00,00,00,34,04,34,00,00,00,00,00,00
00,00,00,00,00,00,34,04,28,35,35,35,35,35,35,35,29,04,28,35,35,35,35,35,35,29,00,34,00,00,00,00,00,00
00,00,00,00,00,00,34,00,04,00,04,00,04,00,04,00,04,-4,04,00,04,00,04,00,04,00,04,34,00,00,00,00,00,00
00,00,00,00,00,00,34,04,36,35,35,35,35,35,35,26,60,10,61,26,35,35,35,35,35,27,00,34,00,00,00,00,00,00
00,00,00,00,00,00,34,00,34,00,00,00,00,00,00,28,27,01,36,29,00,00,00,00,00,34,04,34,00,00,00,00,00,00
00,00,00,36,35,35,29,04,28,35,35,35,27,00,00,00,34,-8,34,00,00,00,36,35,35,29,00,28,35,35,35,27,00,00
00,00,00,34,00,00,04,00,04,00,04,00,34,00,00,00,34,01,34,00,00,00,34,00,04,00,04,00,04,00,00,34,00,00
35,35,35,29,00,36,32,04,33,04,33,04,28,35,35,35,29,04,28,35,35,35,29,04,33,04,33,04,31,27,00,28,35,35
00,00,04,00,04,30,04,00,30,00,30,00,04,00,04,00,04,00,04,00,04,00,04,00,30,00,30,00,04,30,04,00,04,00
35,35,35,27,00,04,00,40,00,04,00,04,36,35,35,35,35,35,35,35,35,35,27,04,00,04,00,40,00,04,00,36,35,35
00,00,00,34,04,31,32,00,04,31,32,00,34,00,00,00,00,00,00,00,00,00,34,00,31,32,04,00,31,32,04,34,00,00
00,00,00,34,03,04,00,04,00,04,00,04,34,00,00,00,00,00,00,00,00,00,34,04,00,04,00,04,00,04,03,34,00,00
00,00,00,28,35,35,35,35,35,35,35,35,29,00,00,00,00,00,00,00,00,00,28,35,35,35,35,35,35,35,35,29,00,00
00,00,00,00,00,00,00,00,00,00,00,00,00,00,00,00,00,00,00,00,00,00,00,00,00,00,00,00,00,00,00,00,00,00
00,00,00,00,00,00,00,00,00,00,00,00,00,00,00,00,00,00,00,00,00,00,00,00,00,00,00,00,00,00,00,00,00,00
00,00,00,00,00,00,00,00,00,00,00,00,00,00,00,00,00,00,00,00,00,00,00,00,00,00,00,00,00,00,00,00,00,00
00,00,00,00,00,00,00,00,00,00,00,00,00,00,00,00,00,00,00,00,00,00,00,00,00,00,00,00,00,00,00,00,00,00
00,00,00,00,00,00,00,00,00,00,00,00,00,00,00,00,00,00,00,00,00,00,00,00,00,00,00,00,00,00,00,00,00,00
STAGE FOURTEEN

00,02,01,299
00,00,00,00,00,00,00,00,00,00,00,00,00,00,00,00,00,00,00,00,00,00,00,00,00,00,00,00,00,00,00,00,00,00
00,00,00,00,00,00,00,00,00,00,00,00,00,00,00,00,00,00,00,00,00,00,00,00,00,00,00,00,00,00,00,00,00,00
00,00,00,00,00,00,00,00,00,00,00,00,00,00,00,00,00,00,00,00,00,00,00,00,00,00,00,00,00,00,00,00,00,00
00,00,00,00,00,00,00,00,00,00,00,00,00,00,00,00,00,00,00,00,00,00,00,00,00,00,00,00,00,00,00,00,00,00
00,00,00,00,16,20,20,20,20,20,20,20,20,20,20,20,20,20,20,20,20,20,20,20,20,20,20,20,20,20,17,00,00,00
00,00,00,25,04,00,04,00,04,00,04,00,04,00,04,16,20,20,20,17,04,00,04,00,04,00,04,00,04,00,04,25,00,00
25,00,25,03,00,21,17,04,00,04,00,04,00,04,00,04,16,20,17,04,00,04,00,04,00,04,00,04,00,04,00,03,25,00
00,18,04,00,21,14,04,18,08,18,07,18,08,18,04,00,04,00,04,00,04,18,07,18,08,18,07,18,04,00,04,00,06,18
00,19,00,21,14,04,00,15,08,15,07,15,08,15,00,04,08,04,08,04,00,15,07,15,08,15,07,15,00,04,00,18,08,19
00,19,04,15,04,00,04,00,04,00,04,00,04,00,04,06,21,20,12,05,04,00,04,00,04,00,04,00,04,00,04,19,08,19
00,19,00,04,00,04,00,04,00,04,00,04,00,04,00,16,23,25,22,17,00,04,00,04,00,04,00,04,00,04,00,19,08,19
00,19,46,50,50,50,47,04,00,04,04,08,04,08,00,06,13,20,14,05,04,08,04,08,04,00,04,00,04,00,18,19,08,19
00,19,00,00,99,-6,00,04,00,04,06,21,20,12,05,04,07,04,07,04,06,21,20,12,05,04,00,04,00,04,19,19,08,19
00,19,00,16,11,20,17,00,04,00,04,19,25,19,04,00,04,00,04,00,04,19,25,19,04,00,04,00,04,18,19,19,08,19
00,19,04,00,15,04,00,04,00,25,06,13,20,14,05,04,00,04,00,04,06,13,20,14,05,04,00,04,25,19,19,19,08,19
00,19,00,04,00,18,04,00,04,00,04,07,04,07,04,00,04,00,04,00,04,07,04,07,04,00,04,00,04,15,19,19,08,19
00,19,04,25,04,15,00,04,00,25,00,04,00,04,00,04,00,04,00,04,00,04,00,04,00,25,00,04,00,04,15,19,08,19
00,19,00,04,00,04,25,00,04,00,04,00,04,00,04,00,04,00,04,00,04,00,04,00,04,00,04,00,04,00,04,19,08,19
00,19,04,00,04,00,18,07,18,04,00,04,00,04,00,04,00,04,00,04,00,04,00,04,00,04,00,18,07,18,00,19,08,19
00,19,00,04,00,04,19,07,19,18,04,00,04,00,04,00,04,00,04,00,04,00,04,00,04,00,18,19,07,19,04,19,08,19
00,19,18,00,18,00,19,07,15,19,18,04,00,04,00,04,00,04,00,04,00,04,00,04,00,18,19,15,07,19,00,19,08,19
00,19,15,04,15,04,19,05,07,15,19,18,00,00,04,00,04,00,04,00,04,00,04,00,18,19,15,07,06,19,04,19,08,19
00,19,04,00,04,00,13,12,05,07,15,19,16,12,00,04,00,04,03,04,00,04,21,17,19,15,07,06,21,14,00,19,08,19
00,19,00,04,00,04,00,13,12,05,07,15,00,13,17,00,04,00,04,00,04,16,14,00,15,07,06,21,14,00,04,19,08,19
00,22,17,00,16,17,04,00,13,12,05,07,46,50,50,50,60,10,10,61,50,50,50,47,07,06,21,14,00,04,16,23,08,22
00,19,00,04,00,04,00,04,00,13,12,05,00,-5,98,01,01,02,00,01,01,99,-6,00,06,21,14,00,04,00,04,19,-2,19
20,24,20,20,20,20,20,20,20,20,24,20,20,20,20,20,20,20,20,20,20,20,20,20,20,24,20,20,20,20,20,24,20,24
00,00,00,00,00,00,00,00,00,00,00,00,00,00,00,00,00,00,00,00,00,00,00,00,00,00,00,00,00,00,00,00,00,00
00,00,00,00,00,00,00,00,00,00,00,00,00,00,00,00,00,00,00,00,00,00,00,00,00,00,00,00,00,00,00,00,00,00
00,00,00,00,00,00,00,00,00,00,00,00,00,00,00,00,00,00,00,00,00,00,00,00,00,00,00,00,00,00,00,00,00,00
STAGE FIFTEEN

00,03,01,299
00,00,00,00,00,00,00,00,00,00,00,00,00,00,00,00,00,00,00,00,00,00,00,00,00,00,00,00,00,00,00,00,00,00
00,00,00,00,00,00,00,00,00,00,00,00,00,00,00,00,00,00,00,00,00,00,00,00,00,00,00,00,00,00,00,00,00,00
00,00,00,00,00,00,00,00,00,00,00,00,00,00,00,00,00,00,00,00,00,00,00,00,00,00,00,00,00,00,00,00,00,00
00,00,00,00,00,00,00,00,00,00,00,00,00,00,00,00,00,00,00,00,00,00,00,00,00,00,00,00,00,00,00,00,00,00
00,21,20,20,20,20,20,20,20,20,20,20,20,20,20,20,20,20,20,20,20,11,20,20,20,20,11,12,00,00,00,00,00,21
00,19,04,00,04,00,04,00,04,00,04,05,05,05,05,05,05,07,04,00,04,13,11,20,11,20,23,19,00,00,00,00,00,19
00,19,00,21,20,11,17,04,00,05,05,08,21,20,11,20,12,05,05,07,00,04,19,04,19,04,15,19,00,00,00,00,00,19
00,19,04,19,03,19,04,00,05,08,21,11,14,00,15,00,13,20,12,05,07,00,19,00,15,00,04,19,00,00,00,00,00,19
00,19,00,19,00,15,00,05,08,21,14,19,00,04,00,04,00,04,22,17,07,04,15,04,00,04,21,23,00,00,00,00,00,19
00,19,04,15,04,00,04,08,21,14,04,15,04,21,17,00,04,21,14,07,06,00,-4,00,04,16,23,19,00,00,00,00,00,19
00,19,00,04,00,04,05,08,19,04,00,04,00,15,25,04,21,14,07,06,00,04,25,04,00,04,13,23,00,00,00,00,00,19
00,13,12,00,18,00,08,21,14,00,21,17,04,00,04,21,14,07,06,00,04,00,04,00,04,00,04,19,00,00,00,00,00,13
20,20,14,04,19,04,08,19,00,04,19,04,00,04,16,14,07,06,00,04,21,60,10,61,12,04,16,24,20,20,20,20,20,20
00,00,04,00,19,00,08,19,04,00,19,00,04,00,04,00,07,00,04,00,19,01,02,01,19,00,04,00,04,00,04,00,04,00
20,20,12,04,19,04,08,13,12,04,13,17,00,04,16,12,05,07,00,04,13,20,20,20,14,04,16,11,20,20,20,20,20,20
00,21,14,00,15,00,08,06,19,00,04,00,04,00,04,13,12,05,07,00,04,00,04,00,04,00,04,19,00,00,00,00,00,21
00,19,00,04,00,04,00,08,13,12,00,04,16,17,00,04,13,12,05,05,07,04,18,04,18,04,16,23,00,00,00,00,00,19
00,19,04,18,04,18,04,08,06,13,12,00,04,00,25,00,04,13,11,17,07,00,19,00,19,00,04,19,00,00,00,00,00,19
00,19,00,19,16,14,00,04,08,06,13,20,12,04,00,04,21,20,14,07,06,04,19,04,22,12,00,19,00,00,00,00,00,19
00,19,04,13,20,20,17,00,04,08,06,06,13,20,20,20,14,07,06,06,04,00,19,04,19,19,04,19,00,00,00,00,00,19
00,19,00,04,00,04,00,04,00,04,00,08,06,06,06,06,06,06,00,04,00,16,24,20,14,19,04,19,00,00,00,00,00,19
00,13,20,20,20,20,20,20,20,20,20,20,20,20,20,20,20,20,20,20,20,20,20,20,20,24,20,14,00,00,00,00,00,13
00,00,00,00,00,00,00,00,00,00,00,00,00,00,00,00,00,00,00,00,00,00,00,00,00,00,00,00,00,00,00,00,00,00
00,00,00,00,00,00,00,00,00,00,00,00,00,00,00,00,00,00,00,00,00,00,00,00,00,00,00,00,00,00,00,00,00,00
00,00,00,00,00,00,00,00,00,00,00,00,00,00,00,00,00,00,00,00,00,00,00,00,00,00,00,00,00,00,00,00,00,00
00,00,00,00,00,00,00,00,00,00,00,00,00,00,00,00,00,00,00,00,00,00,00,00,00,00,00,00,00,00,00,00,00,00
00,00,00,00,00,00,00,00,00,00,00,00,00,00,00,00,00,00,00,00,00,00,00,00,00,00,00,00,00,00,00,00,00,00
00,00,00,00,00,00,00,00,00,00,00,00,00,00,00,00,00,00,00,00,00,00,00,00,00,00,00,00,00,00,00,00,00,00
00,00,00,00,00,00,00,00,00,00,00,00,00,00,00,00,00,00,00,00,00,00,00,00,00,00,00,00,00,00,00,00,00,00
00,00,00,00,00,00,00,00,00,00,00,00,00,00,00,00,00,00,00,00,00,00,00,00,00,00,00,00,00,00,00,00,00,00
