-5 -55
-4.985714 -54.85714
-4.971429 -54.71429
-4.957143 -54.57143
-4.942858 -54.42858
-4.928572 -54.28572
-4.914287 -54.14287
-4.900001 -54.00001
-4.885715 -53.85715
-4.87143 -53.7143
-4.857144 -53.57144
-4.842859 -53.42859
-4.828573 -53.28573
-4.814288 -53.14288
-4.800002 -53.00002
-4.785717 -52.85717
-4.771431 -52.71431
-4.757145 -52.57145
-4.74286 -52.4286
-4.728574 -52.28574
-4.714289 -52.14289
-4.700003 -52.00003
-4.685718 -51.85718
-4.671432 -51.71432
-4.657146 -51.57146
-4.642861 -51.42861
-4.628575 -51.28575
-4.61429 -51.1429
-4.600004 -51.00004
-4.585719 -50.85719
-4.571433 -50.71433
-4.557148 -50.57148
-4.542862 -50.42862
-4.528576 -50.28576
-4.514291 -50.14291
-4.500005 -50.00005
-4.48572 -49.8572
-4.471434 -49.71434
-4.457149 -49.57149
-4.442863 -49.42863
-4.428577 -49.28577
-4.414292 -49.14292
-4.400006 -49.00006
-4.385721 -48.85721
-4.371435 -48.71435
-4.35715 -48.5715
-4.342864 -48.42864
-4.328578 -48.28578
-4.314293 -48.14293
-4.300007 -48.00007
-4.285722 -47.85722
-4.271436 -47.71436
-4.257151 -47.57151
-4.242865 -47.42865
-4.22858 -47.2858
-4.214294 -47.14294
-4.200008 -47.00008
-4.185723 -46.85723
-4.171437 -46.71437
-4.157152 -46.57152
-4.142866 -46.42866
-4.128581 -46.28581
-4.114295 -46.14295
-4.100009 -46.00009
-4.085724 -45.85724
-4.071438 -45.71438
-4.057153 -45.57153
-4.042867 -45.42867
-4.028582 -45.28582
-4.014296 -45.14296
-4.00001 -45.0001
-3.985725 -44.85725
-3.971439 -44.71439
-3.957153 -44.57153
-3.942867 -44.42867
-3.928581 -44.28581
-3.914296 -44.14296
-3.90001 -44.0001
-3.885724 -43.85724
-3.871438 -43.71438
-3.857152 -43.57152
-3.842867 -43.42867
-3.828581 -43.28581
-3.814295 -43.14295
-3.800009 -43.00009
-3.785723 -42.85723
-3.771438 -42.71438
-3.757152 -42.57152
-3.742866 -42.42866
-3.72858 -42.2858
-3.714294 -42.14294
-3.700009 -42.00009
-3.685723 -41.85723
-3.671437 -41.71437
-3.657151 -41.57151
-3.642865 -41.42865
-3.62858 -41.2858
-3.614294 -41.14294
-3.600008 -41.00008
-3.585722 -40.85722
-3.571436 -40.71436
-3.557151 -40.57151
-3.542865 -40.42865
-3.528579 -40.28579
-3.514293 -40.14293
-3.500007 -40.00007
-3.485722 -39.85722
-3.471436 -39.71436
-3.45715 -39.5715
-3.442864 -39.42864
-3.428578 -39.28578
-3.414293 -39.14293
-3.400007 -39.00007
-3.385721 -38.85721
-3.371435 -38.71435
-3.357149 -38.57149
-3.342864 -38.42864
-3.328578 -38.28578
-3.314292 -38.14292
-3.300006 -38.00006
-3.28572 -37.8572
-3.271435 -37.71435
-3.257149 -37.57149
-3.242863 -37.42863
-3.228577 -37.28577
-3.214291 -37.14291
-3.200006 -37.00006
-3.18572 -36.8572
-3.171434 -36.71434
-3.157148 -36.57148
-3.142862 -36.42862
-3.128577 -36.28577
-3.114291 -36.14291
-3.100005 -36.00005
-3.085719 -35.85719
-3.071433 -35.71433
-3.057148 -35.57148
-3.042862 -35.42862
-3.028576 -35.28576
-3.01429 -35.1429
-3.000004 -35.00004
-2.985718 -34.85718
-2.971433 -34.71433
-2.957147 -34.57147
-2.942861 -34.42861
-2.928575 -34.28575
-2.914289 -34.14289
-2.900004 -34.00004
-2.885718 -33.85718
-2.871432 -33.71432
-2.857146 -33.57146
-2.84286 -33.4286
-2.828575 -33.28575
-2.814289 -33.14289
-2.800003 -33.00003
-2.785717 -32.85717
-2.771431 -32.71431
-2.757146 -32.57146
-2.74286 -32.4286
-2.728574 -32.28574
-2.714288 -32.14288
-2.700002 -32.00002
-2.685717 -31.85717
-2.671431 -31.71431
-2.657145 -31.57145
-2.642859 -31.42859
-2.628573 -31.28573
-2.614288 -31.14288
-2.600002 -31.00002
-2.585716 -30.85716
-2.57143 -30.7143
-2.557144 -30.57144
-2.542859 -30.42859
-2.528573 -30.28573
-2.514287 -30.14287
-2.500001 -30.00001
-2.485715 -29.85715
-2.47143 -29.7143
-2.457144 -29.57144
-2.442858 -29.42858
-2.428572 -29.28572
-2.414286 -29.14286
-2.400001 -29.00001
-2.385715 -28.85715
-2.371429 -28.71429
-2.357143 -28.57143
-2.342857 -28.42857
-2.328572 -28.28572
-2.314286 -28.14286
-2.3 -28
-2.285714 -27.85714
-2.271428 -27.71428
-2.257143 -27.57143
-2.242857 -27.42857
-2.228571 -27.28571
-2.214285 -27.14285
-2.199999 -26.99999
-2.185714 -26.85714
-2.171428 -26.71428
-2.157142 -26.57142
-2.142856 -26.42856
-2.12857 -26.2857
-2.114285 -26.14285
-2.099999 -25.99999
-2.085713 -25.85713
-2.071427 -25.71427
-2.057141 -25.57141
-2.042856 -25.42856
-2.02857 -25.2857
-2.014284 -25.14284
-1.999998 -24.99998
-1.985713 -24.85713
-1.971427 -24.71427
-1.957141 -24.57141
-1.942855 -24.42855
-1.92857 -24.2857
-1.914284 -24.14284
-1.899998 -23.99998
-1.885713 -23.85713
-1.871427 -23.71427
-1.857141 -23.57141
-1.842856 -23.42856
-1.82857 -23.2857
-1.814284 -23.14284
-1.799999 -22.99999
-1.785713 -22.85713
-1.771427 -22.71427
-1.757142 -22.57142
-1.742856 -22.42856
-1.72857 -22.2857
-1.714285 -22.14285
-1.699999 -21.99999
-1.685713 -21.85713
-1.671427 -21.71427
-1.657142 -21.57142
-1.642856 -21.42856
-1.62857 -21.2857
-1.614285 -21.14285
-1.599999 -20.99999
-1.585713 -20.85713
-1.571428 -20.71428
-1.557142 -20.57142
-1.542856 -20.42856
-1.528571 -20.28571
-1.514285 -20.14285
-1.499999 -19.99999
-1.485714 -19.85714
-1.471428 -19.71428
-1.457142 -19.57142
-1.442857 -19.42857
-1.428571 -19.28571
-1.414285 -19.14285
-1.399999 -18.99999
-1.385714 -18.85714
-1.371428 -18.71428
-1.357142 -18.57142
-1.342857 -18.42857
-1.328571 -18.28571
-1.314285 -18.14285
-1.3 -18
-1.285714 -17.85714
-1.271428 -17.71428
-1.257143 -17.57143
-1.242857 -17.42857
-1.228571 -17.28571
-1.214286 -17.14286
-1.2 -17
-1.185714 -16.85714
-1.171429 -16.71429
-1.157143 -16.57143
-1.142857 -16.42857
-1.128572 -16.28572
-1.114286 -16.14286
-1.1 -16
-1.085714 -15.85714
-1.071429 -15.71429
-1.057143 -15.57143
-1.042857 -15.42857
-1.028572 -15.28572
-1.014286 -15.14286
-1 -15
-.9857147 -14.85715
-.971429 -14.71429
-.9571433 -14.57143
-.9428576 -14.42858
-.9285719 -14.28572
-.9142863 -14.14286
-.9000006 -14.00001
-.8857149 -13.85715
-.8714292 -13.71429
-.8571435 -13.57143
-.8428578 -13.42858
-.8285722 -13.28572
-.8142865 -13.14287
-.8000008 -13.00001
-.7857151 -12.85715
-.7714294 -12.71429
-.7571437 -12.57144
-.7428581 -12.42858
-.7285724 -12.28572
-.7142867 -12.14287
-.700001 -12.00001
-.6857153 -11.85715
-.6714296 -11.7143
-.657144 -11.57144
-.6428583 -11.42858
-.6285726 -11.28573
-.6142869 -11.14287
-.6000012 -11.00001
-.5857155 -10.85715
-.5714298 -10.7143
-.5571442 -10.57144
-.5428585 -10.42859
-.5285728 -10.28573
-.5142871 -10.14287
-.5000014 -10.00001
-.4857157 -9.857157
-.47143 -9.7143
-.4571443 -9.571443
-.4428586 -9.428586
-.4285729 -9.285729
-.4142871 -9.142871
-.4000014 -9.000014
-.3857157 -8.857157
-.37143 -8.7143
-.3571443 -8.571443
-.3428586 -8.428586
-.3285729 -8.285729
-.3142872 -8.142872
-.3000014 -8.000014
-.2857157 -7.857157
-.27143 -7.7143
-.2571443 -7.571443
-.2428586 -7.428586
-.2285729 -7.285729
-.2142872 -7.142872
-.2000014 -7.000014
-.1857157 -6.857157
-.17143 -6.7143
-.1571443 -6.571443
-.1428586 -6.428586
-.1285729 -6.285729
-.1142872 -6.142872
-.1000015 -6.000015
-8.571574E-02 -5.857157
-7.143003E-02 -5.7143
-5.714432E-02 -5.571443
-4.285861E-02 -5.428586
-.0285729 -5.285729
-1.428719E-02 -5.142872
-1.47894E-06 -5.000015
1.428423E-02 -4.857158
2.856994E-02 -4.714301
4.285565E-02 -4.571444
5.714136E-02 -4.428586
7.142707E-02 -4.285729
8.571278E-02 -4.142872
9.999849E-02 -4.000015
.1142842 -3.857158
.1285699 -3.714301
.1428556 -3.571444
.1571413 -3.428587
.1714271 -3.285729
.1857128 -3.142872
.1999985 -3.000015
.2142842 -2.857158
.2285699 -2.714301
.2428556 -2.571444
.2571413 -2.428587
.271427 -2.28573
.2857127 -2.142873
.2999985 -2.000015
.3142842 -1.857158
.3285699 -1.714301
.3428556 -1.571444
.3571413 -1.428587
.371427 -1.28573
.3857127 -1.142873
.3999985 -1.000015
.4142842 -.857158
.4285699 -.714301
.4428556 -.571444
.4571413 -.428587
.471427 -.28573
.4857127 -.142873
.4999985 -.000015
.5142841 .142841
.5285698 .285698
.5428555 .428555
.5571412 .571412
.5714269 .714269
.5857126 .857126
.5999982 .999982
.6142839 1.142839
.6285696 1.285696
.6428553 1.428553
.657141 1.57141
.6714267 1.714267
.6857123 1.857123
.699998 1.99998
.7142837 2.142837
.7285694 2.285694
.7428551 2.428551
.7571408 2.571408
.7714264 2.714264
.7857121 2.857121
.7999978 2.999978
.8142835 3.142835
.8285692 3.285692
.8428549 3.428549
.8571405 3.571405
.8714262 3.714262
.8857119 3.857119
.8999976 3.999976
.9142833 4.142833
.928569 4.28569
.9428546 4.428546
.9571403 4.571403
.971426 4.71426
.9857117 4.857117
.9999974 4.999974
1.014283 5.14283
1.028569 5.28569
1.042854 5.42854
1.05714 5.5714
1.071426 5.71426
1.085711 5.85711
1.099997 5.99997
1.114283 6.14283
1.128569 6.28569
1.142854 6.42854
1.15714 6.5714
1.171426 6.71426
1.185711 6.85711
1.199997 6.99997
1.214283 7.14283
1.228568 7.28568
1.242854 7.42854
1.25714 7.5714
1.271425 7.71425
1.285711 7.85711
1.299997 7.99997
1.314282 8.14282
1.328568 8.28568
1.342854 8.42854
1.357139 8.57139
1.371425 8.71425
1.385711 8.85711
1.399997 8.99997
1.414282 9.14282
1.428568 9.28568
1.442854 9.42854
1.457139 9.57139
1.471425 9.71425
1.485711 9.85711
1.499996 9.99996
1.514282 10.14282
1.528568 10.28568
1.542853 10.42853
1.557139 10.57139
1.571425 10.71425
1.58571 10.8571
1.599996 10.99996
1.614282 11.14282
1.628567 11.28567
1.642853 11.42853
1.657139 11.57139
1.671425 11.71425
1.68571 11.8571
1.699996 11.99996
1.714282 12.14282
1.728567 12.28567
1.742853 12.42853
1.757139 12.57139
1.771424 12.71424
1.78571 12.8571
1.799996 12.99996
1.814281 13.14281
1.828567 13.28567
1.842853 13.42853
1.857138 13.57138
1.871424 13.71424
1.88571 13.8571
1.899995 13.99995
1.914281 14.14281
1.928567 14.28567
1.942852 14.42852
1.957138 14.57138
1.971424 14.71424
1.98571 14.8571
1.999995 14.99995
2.014281 15.14281
2.028567 15.28567
2.042853 15.42853
2.057138 15.57138
2.071424 15.71424
2.08571 15.8571
2.099996 15.99996
2.114282 16.14282
2.128567 16.28567
2.142853 16.42853
2.157139 16.57139
2.171425 16.71425
2.185711 16.85711
2.199996 16.99996
2.214282 17.14282
2.228568 17.28568
2.242854 17.42854
2.25714 17.5714
2.271425 17.71425
2.285711 17.85711
2.299997 17.99997
2.314283 18.14283
2.328569 18.28569
2.342854 18.42854
2.35714 18.5714
2.371426 18.71426
2.385712 18.85712
2.399998 18.99998
2.414284 19.14284
2.428569 19.28569
2.442855 19.42855
2.457141 19.57141
2.471427 19.71427
2.485713 19.85713
2.499998 19.99998
2.514284 20.14284
2.52857 20.2857
2.542856 20.42856
2.557142 20.57142
2.571427 20.71427
2.585713 20.85713
2.599999 20.99999
2.614285 21.14285
2.628571 21.28571
2.642856 21.42856
2.657142 21.57142
2.671428 21.71428
2.685714 21.85714
2.7 22
2.714285 22.14285
2.728571 22.28571
2.742857 22.42857
2.757143 22.57143
2.771429 22.71429
2.785714 22.85714
2.8 23
2.814286 23.14286
2.828572 23.28572
2.842858 23.42858
2.857143 23.57143
2.871429 23.71429
2.885715 23.85715
2.900001 24.00001
2.914287 24.14287
2.928572 24.28572
2.942858 24.42858
2.957144 24.57144
2.97143 24.7143
2.985716 24.85716
3.000001 25.00001
3.014287 25.14287
3.028573 25.28573
3.042859 25.42859
3.057145 25.57145
3.07143 25.7143
3.085716 25.85716
3.100002 26.00002
3.114288 26.14288
3.128574 26.28574
3.142859 26.42859
3.157145 26.57145
3.171431 26.71431
3.185717 26.85717
3.200003 27.00003
3.214288 27.14288
3.228574 27.28574
3.24286 27.4286
3.257146 27.57146
3.271432 27.71432
3.285717 27.85717
3.300003 28.00003
3.314289 28.14289
3.328575 28.28575
3.342861 28.42861
3.357147 28.57147
3.371432 28.71432
3.385718 28.85718
3.400004 29.00004
3.41429 29.1429
3.428576 29.28576
3.442861 29.42861
3.457147 29.57147
3.471433 29.71433
3.485719 29.85719
3.500005 30.00005
3.51429 30.1429
3.528576 30.28576
3.542862 30.42862
3.557148 30.57148
3.571434 30.71434
3.585719 30.85719
3.600005 31.00005
3.614291 31.14291
3.628577 31.28577
3.642863 31.42863
3.657148 31.57148
3.671434 31.71434
3.68572 31.8572
3.700006 32.00006
3.714292 32.14292
3.728577 32.28577
3.742863 32.42863
3.757149 32.57149
3.771435 32.71435
3.785721 32.85721
3.800006 33.00006
3.814292 33.14292
3.828578 33.28578
3.842864 33.42864
3.85715 33.5715
3.871435 33.71435
3.885721 33.85721
3.900007 34.00007
3.914293 34.14293
3.928579 34.28579
3.942864 34.42864
3.95715 34.5715
3.971436 34.71436
3.985722 34.85722
4.000008 35.00008
4.014293 35.14293
4.028579 35.28579
4.042864 35.42864
4.05715 35.5715
4.071435 35.71435
4.085721 35.85721
4.100007 36.00007
4.114292 36.14292
4.128578 36.28578
4.142863 36.42863
4.157149 36.57149
4.171434 36.71434
4.18572 36.8572
4.200006 37.00006
4.214291 37.14291
4.228577 37.28577
4.242862 37.42862
4.257148 37.57148
4.271433 37.71433
4.285719 37.85719
4.300004 38.00004
4.31429 38.1429
4.328576 38.28576
4.342861 38.42861
4.357147 38.57147
4.371432 38.71432
4.385718 38.85718
4.400003 39.00003
4.414289 39.14289
4.428575 39.28575
4.44286 39.4286
4.457146 39.57146
4.471431 39.71431
4.485717 39.85717
4.500002 40.00002
4.514288 40.14288
4.528574 40.28574
4.542859 40.42859
4.557145 40.57145
4.57143 40.7143
4.585716 40.85716
4.600001 41.00001
4.614287 41.14287
4.628572 41.28572
4.642858 41.42858
4.657144 41.57144
4.671429 41.71429
4.685715 41.85715
4.7 42
4.714286 42.14286
4.728571 42.28571
4.742857 42.42857
4.757143 42.57143
4.771428 42.71428
4.785714 42.85714
4.799999 42.99999
4.814285 43.14285
4.82857 43.2857
4.842856 43.42856
4.857141 43.57141
4.871427 43.71427
4.885713 43.85713
4.899998 43.99998
4.914284 44.14284
4.928569 44.28569
4.942855 44.42855
4.95714 44.5714
4.971426 44.71426
4.985712 44.85712
4.999997 44.99997
