  .026,-77.066,4.78, 66.57,""
  .032, -6.015,4.37,132.45,""
  .062,-17.336,4.55, 83.47,""
  .075,-10.510,4.99,641.02,""
  .088, -5.708,4.61, 39.49,""
  .139, 29.090,2.07, 29.74,"Alpheratz"
  .152, 59.149,2.28, 16.78,"Caph"
  .156,-45.748,3.88,  44.2,""
  .167,-82.225,5.29, 78.06,""
  .187,-15.468,4.89, 18.74,""
  .220, 15.183,2.83,120.04,""
  .222,-84.994,5.78, 298.5,""
  .243, 20.206,4.79,112.86,""
  .244,-18.933,4.44,137.17,""
  .284, 38.681,4.61, 94.69,""
  .305, 36.785,4.51, 41.32,""
  .323, -8.824,3.56, 84.17,""
  .334,-64.875,4.23,  8.58,""
  .427,-77.255,2.82,  7.45,""
  .436,-43.680,3.93,  23.8,""
  .438,-42.306,2.40, 25.97,"Ankaa"
  .465,-33.008,4.86, 138.5,""
  .523,-48.804,4.76, 52.96,""
  .525,-62.959,4.36,  41.4,""
  .525,-62.966,4.53, 51.65,""
  .529, 54.522,4.74,115.74,""
  .549, 62.931,4.17,100000.0,""
  .614, 33.719,4.34,183.48,""
  .616, 53.896,3.69,181.81,""
  .642, 29.311,4.34, 50.22,""
  .655, 30.861,3.27, 32.35,""
  .663, 82.493,6.38, 33.25,""
  .675, 56.537,2.24, 69.97,"*Shedir"
  .688,-46.086,4.59, 75.35,""
  .701, 50.512,4.80,438.59,""
  .722,-57.464,4.36, 75.52,""
  .724, 47.024,4.95, 53.67,""
  .726,-17.987,2.04, 29.53,"Diphda"
  .736,-10.610,4.77, 71.63,""
  .745, 48.284,4.48,215.51,""
  .788, 24.267,4.08,    58.0,""
  .796, 74.847,5.42, 236.4,""
  .809,-74.924,5.09, 64.93,""
  .811,  7.585,4.44, 95.41,""
  .813, 50.968,4.90,126.26,""
  .818, 57.815,3.46,  5.95,""
  .819,  5.388,2.37,  4.26,"*Van Maanen's Star"
  .830, 41.078,4.53,189.39,""
  .883, -1.145,4.78,179.85,""
  .884, 61.123,4.80, 18.74,""
  .914, 83.707,5.59, 87.71,""
  .916, 58.972,4.83, 100.7,""
  .944, 59.181,4.62, 61.27,""
  .945, 60.716,2.15,168.35,"Cih"
  .945, 38.499,3.86, 39.77,""
  .953, 23.417,4.40, 70.42,""
  .976,-29.358,4.30,238.09,""
 1.049,  7.890,4.27, 55.74,""
 1.101,-46.719,3.32,100000.0,""
 1.139,-55.246,3.94, 91.57,""
 1.143,-10.183,3.46, 37.99,""
 1.145, 86.257,4.24, 85.91,""
 1.153, 80.011,6.24,135.31,""
 1.158, 47.241,4.26,219.78,""
 1.162, 35.620,2.07, 60.53,"*Mirach"
 1.185, 55.149,4.34, 40.95,""
 1.190, 21.034,4.66,117.64,""
 1.194, 30.089,4.51, 51.75,""
 1.229, 24.583,4.67,136.79,""
 1.253,-45.532,4.97, 15.11,""
 1.262,-68.876,4.25, 20.95,""
 1.270, 87.145,6.20,106.95,""
 1.324, 27.264,4.74, 94.42,""
 1.334, 58.231,4.95,100000.0,""
 1.372, 45.528,4.87, 65.74,""
 1.400, -8.184,3.60, 34.89,""
 1.427,-14.599,4.90, 88.18,""
 1.430, 60.235,2.66, 30.47,""
 1.432, 68.130,4.72,  59.8,""
 1.460, 45.406,4.83, 28.62,""
 1.472,-43.319,3.41, 71.63,""
 1.503,  6.143,4.84, 93.19,""
 1.520,-49.073,3.93, 43.57,""
 1.524, 15.345,3.62,107.18,""
 1.563, 89.015,6.46,103.09,""
 1.565, 59.232,4.68, 63.81,""
 1.613, 41.405,4.10, 13.49,""
 1.624,-84.770,5.66,116.68,""
 1.628,-57.237, .45, 42.75,"Achernar"
 1.631,-82.975,5.88, 27.38,""
 1.633, 48.628,3.59, 54.31,""
 1.641, 73.040,5.28,140.44,""
 1.676, 40.577,4.96,218.34,""
 1.690,  5.487,4.45,111.35,""
 1.696, 42.613,4.96, 12.73,""
 1.712, -3.691,4.98,364.96,""
 1.715, 70.622,5.18,  85.1,""
 1.727, 50.688,4.01,220.26,""
 1.734,-15.938,3.49,  3.65,""
 1.756,  9.157,4.26, 85.68,""
 1.796,-80.177,6.05, 61.84,""
 1.826,-10.687,4.66, 23.18,""
 1.857,-10.336,3.74, 72.04,""
 1.884, 29.578,3.42, 19.41,""
 1.892, 19.293,3.88,  50.3,""
 1.892,  3.187,4.61, 54.91,""
 1.894,-46.303,4.39,104.82,""
 1.906, 63.670,3.35,126.26,""
 1.910, 20.808,2.64, 17.98,""
 1.915,-67.648,4.68, 67.06,""
 1.932,-51.609,3.69, 17.85,""
 1.933, 68.685,4.97,215.05,""
 1.944,-22.527,4.92,108.22,""
 1.952,-47.386,4.82,  76.1,""
 1.965, 23.596,4.79, 39.49,""
 1.979,-61.570,2.86, 22.01,""
 2.000,-21.078,3.99, 89.76,""
 2.032, 70.907,4.49, 35.26,""
 2.034,  2.763,3.82, 46.16,""
 2.038, 54.487,4.99,223.21,""
 2.057, 72.421,3.95, 48.16,""
 2.064, 42.329,2.10,120.48,"Almaak"
 2.074,-29.297,4.68,113.76,""
 2.085, 77.281,5.27, 33.15,""
 2.092, 76.115,5.22,122.69,""
 2.119, 23.462,2.01, 20.17,"Hamal"
 2.141, 37.859,4.78, 58.68,""
 2.157, 25.939,4.98, 88.49,""
 2.157, 81.295,6.05, 70.57,""
 2.159, 34.987,3.00, 38.89,""
 2.206, 30.303,4.94, 89.12,""
 2.216,  8.846,4.36, 117.5,""
 2.220, 44.231,4.84, 162.6,""
 2.275,-51.513,3.56, 47.12,""
 2.279, 83.561,6.45,129.19,""
 2.284, 34.224,4.84, 10.78,""
 2.288, 33.847,4.03, 34.43,""
 2.322, -2.978,6.47, 91.65,"*Mira"
 2.362,-68.660,4.08, 42.82,""
 2.427, 50.278,4.73,113.25,""
 2.432,-12.291,4.88,139.86,""
 2.449,-47.704,4.24,155.76,""
 2.469,  8.460,4.30,  59.2,""
 2.484, 67.402,4.46, 40.73,""
 2.527,-79.110,5.27, 87.03,""
 2.529, 89.264,1.97,132.62,"Polaris"
 2.534,-15.245,4.74, 26.69,""
 2.564,-28.233,4.96,148.36,""
 2.597,  5.593,4.87,104.27,""
 2.633, 72.818,5.17, 78.43,""
 2.658,   .328,4.08, 199.2,""
 2.659,-11.873,4.83, 21.48,""
 2.659,-68.267,4.12, 46.55,""
 2.663,-42.892,4.74, 35.68,""
 2.677,-39.856,4.11, 46.18,""
 2.704, 40.193,4.91, 24.18,""
 2.721,  3.235,3.47,  24.4,""
 2.724, 27.707,4.65,105.15,""
 2.735,-13.859,4.24,120.48,""
 2.736, 49.228,4.10, 11.12,""
 2.749, 10.114,4.27, 25.77,""
 2.751,-18.573,4.47, 14.22,""
 2.759,-67.617,4.83, 87.18,""
 2.796, 81.448,5.80,133.15,""
 2.798, 29.247,4.52,  52.6,""
 2.818,-32.406,4.45, 52.93,""
 2.833, 27.260,3.61, 50.78,""
 2.841,-75.067,4.76,104.05,""
 2.843, 38.318,4.22, 37.02,""
 2.844, 55.895,3.77,269.54,""
 2.850,-21.005,4.76,  57.3,""
 2.858, 35.059,4.56,143.26,""
 2.904, 52.762,3.93, 77.94,""
 2.940, -8.899,3.89, 41.85,""
 2.971,-40.305,2.88, 49.43,""
 2.979, 39.662,4.68, 94.96,""
 2.979,-64.072,4.98, 90.33,""
 2.984, 35.183,4.94,112.86,""
 2.986, 21.340,4.63,101.93,""
 2.995,  8.907,4.71,176.67,""
 3.037,  4.089,2.54, 76.39,""
 3.039,-23.625,4.08, 27.17,""
 3.079, 53.506,2.91, 74.57,""
 3.086, 38.840,3.32, 94.33,""
 3.092, 56.705,4.77, 64.72,""
 3.102, 79.418,5.49,211.86,""
 3.136, 40.955,2.09, 27.57,"Algol"
 3.151, 49.613,4.05, 10.54,""
 3.158, 44.857,3.79, 34.56,""
 3.188, 39.611,4.61, 88.33,""
 3.193, 19.726,4.35, 52.02,""
 3.195, 81.470,5.92, 62.18,""
 3.198, 74.393,4.85,  50.7,""
 3.201,-28.988,3.80, 14.23,""
 3.248, 21.044,4.87, 80.38,""
 3.263, -8.820,4.80, 33.64,""
 3.306,-22.512,4.86,  78.3,""
 3.312, 34.222,4.85,361.01,""
 3.322,  3.370,4.84,  9.13,""
 3.325,-21.758,3.70, 93.37,""
 3.331,-43.070,4.26,  6.04,""
 3.333, 65.652,4.74,233.64,""
 3.338, 77.734,5.44, 81.16,""
 3.338, 29.048,4.47,166.38,""
 3.357, 43.329,4.96, 46.16,""
 3.405, 49.861,1.79,155.27,"Mirphak"
 3.413,  9.028,3.61,  89.2,""
 3.452,  9.732,3.73,  64.1,""
 3.467, 49.062,4.99,160.77,""
 3.484, 59.940,4.21,595.23,""
 3.489, 49.508,4.67,165.28,""
 3.489,-62.938,4.71, 21.68,""
 3.498, 58.878,4.55,769.23,""
 3.509, 47.995,4.36,110.25,""
 3.510, -5.076,4.74,123.91,""
 3.514, 12.936,4.14,104.93,""
 3.538, 84.911,5.62,103.09,""
 3.548, -9.459,3.72,  3.21,""
 3.563,-21.633,4.26, 89.92,""
 3.608, 48.192,4.32,178.89,""
 3.614,   .401,4.29, 13.96,""
 3.618,-40.275,4.57, 70.77,""
 3.704,-31.939,4.99,259.74,""
 3.706, 33.965,4.97,323.62,""
 3.709,-85.262,6.40, 152.9,""
 3.713,-37.314,4.59, 56.49,""
 3.715, 47.787,3.01,158.22,""
 3.720, -9.764,3.52,  9.04,""
 3.736,-64.807,3.84, 29.85,""
 3.738, 32.288,3.84,343.64,""
 3.747, 24.113,3.72,124.06,""
 3.753, 42.578,3.77,170.64,""
 3.753, 24.467,4.30,125.47,""
 3.763, 24.367,3.87, 117.5,""
 3.767, 63.345,4.78,303.95,""
 3.769,-12.102,4.43,147.49,""
 3.772, 23.948,4.14,116.55,""
 3.780,-23.250,4.22, 17.62,""
 3.787,-74.239,3.26, 65.61,""
 3.791, 24.105,2.85, 123.6,"*Alcyone"
 3.809,-37.621,4.30, 50.73,""
 3.819, 24.053,3.62,117.23,""
 3.820, 70.871,5.40,106.38,""
 3.824,-36.201,4.17, 64.35,""
 3.825, 65.525,4.39, 243.9,""
 3.839, 71.332,4.59,110.01,""
 3.895,-24.613,4.64, 115.6,""
 3.902, 31.883,2.84,230.41,""
 3.904, -2.955,4.46, 95.96,""
 3.952, 61.108,4.99,448.43,""
 3.957, 63.072,4.95,110.61,""
 3.964, 40.010,2.90,195.69,""
 3.967,-13.509,2.97, 62.34,""
 3.979,-61.401,4.56,161.29,""
 3.982, 35.791,3.98,381.67,""
 3.998,-24.017,4.62, 100.4,""
 4.011, 12.490,3.41,148.36,""
 4.014,-62.160,4.48,143.88,""
 4.021,-61.079,4.97, 97.84,""
 4.052,  5.989,3.91, 35.85,""
 4.078, 22.081,4.36, 57.37,""
 4.109, 50.351,4.25,129.36,""
 4.144, 47.712,3.96,146.19,""
 4.166, 86.626,5.84, 42.22,""
 4.167, 80.698,5.10,116.41,""
 4.180,-41.994,4.93, 54.82,""
 4.197, -6.838,4.04, 37.31,""
 4.232,  9.263,4.84,101.72,""
 4.233,-42.295,3.85, 35.26,""
 4.239,-10.257,4.87, 74.29,""
 4.240,-62.474,3.33, 49.55,""
 4.248, 40.483,4.67,291.54,""
 4.248, 48.409,4.12,276.24,""
 4.254, -7.653,4.43,  4.98,""
 4.258,  8.892,4.27,139.66,""
 4.267,-51.487,4.26, 20.46,""
 4.274,-59.303,4.44, 18.23,""
 4.287, 20.578,4.93, 28.94,""
 4.297, 80.535,6.39,319.48,""
 4.298,-33.799,3.55, 54.55,""
 4.299,-80.215,5.67,129.87,""
 4.304, 50.295,4.60, 96.15,""
 4.329, 15.627,3.65, 49.52,""
 4.339, 27.350,4.97, 98.42,""
 4.340, 34.566,4.93, 66.93,""
 4.349,-81.580,5.78, 52.05,""
 4.359, 46.498,4.80,155.52,""
 4.382, 17.542,3.77,  47.7,""
 4.400,-34.017,3.97, 90.82,""
 4.401, 17.444,4.80, 49.48,""
 4.422, 22.293,4.21, 47.19,""
 4.424, 17.927,4.30, 45.53,""
 4.438, 22.813,4.28, 47.14,""
 4.439, 15.618,4.48, 49.09,""
 4.443, 14.713,4.69,127.71,""
 4.450, 80.824,5.42,296.73,""
 4.470, 83.807,5.51,232.01,""
 4.473, 16.359,4.96, 57.24,""
 4.476, 15.962,3.84, 47.32,""
 4.476, 19.180,3.53, 44.96,""
 4.477, 15.870,3.40,  46.1,""
 4.500, 83.340,5.47, 94.25,""
 4.509, 16.194,4.78, 43.19,""
 4.531,  -.045,4.91, 201.2,""
 4.558,-29.767,4.49, 38.95,""
 4.564, 14.844,4.65, 48.52,""
 4.566,-55.045,3.30,  51.7,""
 4.592,-30.563,3.81, 65.57,""
 4.594, 10.160,4.25, 47.89,""
 4.598, 16.509, .87, 20.43,"Aldebaran"
 4.605, -3.353,3.93,207.03,""
 4.611, 41.264,4.25,244.49,""
 4.635, 12.510,4.27, 47.08,""
 4.636,-14.305,3.86, 33.68,""
 4.648,-12.124,4.99, 71.32,""
 4.654, 15.917,4.67, 47.68,""
 4.674,-19.672,4.32,112.99,""
 4.676,-41.864,4.44, 20.16,""
 4.704, 22.956,4.27, 122.1,""
 4.758, -3.255,4.01,   160.0,""
 4.830,  6.961,3.19,  8.06,""
 4.831, 37.488,4.89,154.32,""
 4.843,  8.900,4.35, 68.82,""
 4.853,  5.605,3.68,322.58,""
 4.875, 14.250,4.71, 199.6,""
 4.877, 36.703,4.79, 184.5,""
 4.881, -5.453,4.36, 72.04,""
 4.900, 66.342,4.26,100000.0,""
 4.904,  2.440,3.71,411.52,""
 4.914, 10.150,4.64, 35.66,""
 4.919,-74.937,5.47,204.91,""
 4.939, 13.514,4.06, 57.01,""
 4.949, 33.166,2.69,151.28,""
 4.954, 53.752,4.43,114.02,""
 4.975,  1.714,4.47,289.85,""
 4.980,-82.471,5.84,113.12,""
 4.987, 37.890,4.93, 52.27,""
 4.998,-12.538,4.78, 88.96,""
 5.005, 81.194,5.09,117.78,""
 5.023,-20.052,4.91, 60.67,""
 5.023, -7.174,4.80,226.75,""
 5.032, 43.823,3.03,653.59,""
 5.041, 41.075,3.69,240.96,""
 5.045,-71.315,5.30, 243.3,""
 5.051, 21.589,4.62, 52.96,""
 5.056, 60.442,4.03,267.37,""
 5.073,-35.483,4.55, 55.58,""
 5.076, 15.404,4.65,111.98,""
 5.091,-22.372,3.19,  65.4,""
 5.091,-57.473,4.71, 11.64,""
 5.108, 41.234,3.18, 74.62,""
 5.111, 51.597,4.98, 26.28,""
 5.124, 18.645,4.91, 15.43,""
 5.130, -5.087,2.78, 27.39,""
 5.152, -8.755,4.25,248.75,""
 5.161, 15.597,4.81,165.01,""
 5.204,-11.870,4.45, 71.07,""
 5.206, 73.946,5.44,115.87,""
 5.215,-16.206,3.29, 57.01,""
 5.220,-12.942,4.36,223.21,""
 5.221,  2.861,4.46,107.29,""
 5.223, 38.484,4.82,  46.9,""
 5.229,-67.186,4.81, 150.6,""
 5.242, -8.202, .18,264.55,"Rigel"
 5.278, 45.997, .08, 13.12,"Capella"
 5.291,-34.896,4.81, 32.44,""
 5.293, -6.845,3.59,151.51,""
 5.302, 33.371,4.54, 71.22,""
 5.318, 40.099,4.69, 12.63,""
 5.321, 22.096,4.96, 75.81,""
 5.326,-13.177,4.29,261.09,""
 5.340,-21.240,4.70,127.55,""
 5.362,  -.383,4.72, 284.9,""
 5.376, 79.231,5.08, 20.88,""
 5.380,  3.544,4.99,476.19,""
 5.399, -7.809,4.13, 48.23,""
 5.407, -2.398,3.35, 299.4,""
 5.412,  1.846,4.89,318.47,""
 5.418,  6.349,1.64, 77.39,""
 5.438, 28.607,1.65, 41.05,"Alnath"
 5.447,  3.095,4.59,348.43,""
 5.460, 21.936,4.88,191.57,""
 5.470,-20.760,2.81, 49.16,""
 5.495, -1.093,4.71,155.76,""
 5.503,-84.786,6.18,112.23,""
 5.513,  5.948,4.20, 92.85,""
 5.520,-35.471,3.86, 80.71,""
 5.531,-76.341,5.18, 31.35,""
 5.532, -7.302,4.62,877.19,""
 5.533,  -.300,2.25,212.31,"Mintaka"
 5.536, 18.594,4.32,549.45,""
 5.545, 32.192,4.71,100000.0,""
 5.545,-17.823,2.58,680.27,""
 5.560,-62.490,3.76,308.64,""
 5.580,  9.489,4.39,333.33,""
 5.584, -6.003,4.78,495.04,""
 5.585,  9.934,3.39, 336.7,""
 5.587, -5.388,4.98,100000.0,""
 5.589, -5.417,4.98,473.93,""
 5.589, -4.839,4.58,   271.0,""
 5.590, -5.910,2.75,714.28,""
 5.603, -1.202,1.69,606.06,""
 5.615,  9.290,4.09, 36.02,""
 5.619,-80.470,5.65, 18.31,""
 5.627, 21.142,2.97,136.42,""
 5.645, -2.601,3.77,328.94,""
 5.648, -7.213,4.77,  44.6,""
 5.653,  4.121,4.50,423.72,""
 5.660,-34.075,2.65, 80.12,""
 5.679, -1.943,1.74,225.73,""
 5.680, -1.129,4.95,275.48,""
 5.688, 16.534,4.84,194.93,""
 5.707,  1.474,4.90,    90.0,""
 5.741,-22.449,3.59,  8.92,""
 5.746,-65.736,4.34, 45.87,""
 5.782,-14.822,3.55,  21.6,""
 5.788,-51.067,3.85, 19.44,""
 5.795, -9.670,2.07,198.41,"Saiph"
 5.816, 24.567,4.88,111.48,""
 5.819, 39.181,4.51, 63.41,""
 5.825, 12.651,4.89, 76.27,""
 5.830,-56.167,4.50,  54.2,""
 5.837,-79.362,5.46, 87.41,""
 5.849,-35.769,3.12, 26.73,""
 5.850, 37.305,4.72,160.25,""
 5.855,-20.880,3.76, 34.86,""
 5.858, 39.148,3.97, 70.62,""
 5.874,  1.855,4.76, 386.1,""
 5.885,-33.802,4.88,102.56,""
 5.888, 27.612,4.56, 129.7,""
 5.901,-63.090,4.65, 26.24,""
 5.906, 20.276,4.39,  8.66,""
 5.914, 55.706,4.96, 73.04,""
 5.919,  7.407, .45,152.67,"Betelgeuse"
 5.924,-37.121,4.97,102.04,""
 5.940,-14.168,3.71, 14.87,""
 5.958,-35.284,4.36,266.66,""
 5.966, 25.953,4.81,476.19,""
 5.985,-42.816,3.96,144.71,""
 5.992, 54.284,3.72, 38.63,""
 5.992, 44.947,1.90, 24.86,""
 5.995, 37.212,2.65, 50.76,""
 5.998, 45.936,4.30,230.41,""
 6.000, -3.075,4.53,129.03,""
 6.022, 85.182,6.17,416.66,""
 6.030,-10.598,4.92,240.38,""
 6.039,  9.647,4.12,  47.5,""
 6.065, 20.138,4.64,552.48,""
 6.068, 23.263,4.16, 47.55,""
 6.083,-16.485,4.92,278.55,""
 6.102,-14.936,4.67, 52.96,""
 6.126, 14.768,4.42,158.22,""
 6.170,-74.754,5.08, 10.19,""
 6.171,-54.969,4.72, 398.4,""
 6.198, 14.208,4.45,186.21,""
 6.200, 16.130,4.95,162.07,""
 6.247, -6.275,3.99,152.67,""
 6.247, 22.506,3.31,117.92,""
 6.256, 29.498,4.32, 54.25,""
 6.275,-35.141,4.37, 55.95,""
 6.314, 69.319,4.76, 53.64,""
 6.327, 59.010,4.44,    48.0,""
 6.333, -2.945,4.91,142.45,""
 6.338,-30.064,3.02,111.11,""
 6.368,-33.437,3.85, 71.73,""
 6.378,-17.956,1.98,151.05,""
 6.382, 22.513,2.87, 71.02,""
 6.396,  4.592,4.39, 37.49,""
 6.399,-52.696,-.62, 94.78,"Canopus"
 6.414, 49.287,4.92,100000.0,""
 6.469,-32.581,4.47,129.87,""
 6.480, -7.034,3.76,207.46,""
 6.482, 20.212,4.13,166.94,""
 6.530,-23.419,4.34,423.72,""
 6.548,  7.332,4.47,100000.0,""
 6.582,-52.976,4.35,418.41,""
 6.584,-22.965,4.54,135.31,""
 6.611,-19.256,3.95, 19.75,""
 6.628, 16.399,1.93, 33.51,""
 6.629,-43.196,3.17,113.89,""
 6.631,-18.238,4.42,129.19,""
 6.654,-14.146,4.82,303.03,""
 6.655, 42.488,4.80,127.55,""
 6.667,-80.814,5.61, 126.9,""
 6.682,  9.895,4.66,281.69,""
 6.732, 25.131,3.06,259.06,""
 6.733, 13.228,4.49, 88.57,""
 6.752,-16.717,1.44,  2.63,"Sirius"
 6.754, 12.895,3.35, 17.99,""
 6.770, 59.441,4.86, 65.83,""
 6.770, 79.564,5.44, 17.87,""
 6.782,-87.025,6.46, 39.35,""
 6.788,  8.037,4.77,151.05,""
 6.797,  2.412,4.48,112.86,""
 6.803,-61.942,3.24,  29.6,""
 6.830,-32.509,3.50,202.02,""
 6.830,-53.623,4.41,166.94,""
 6.832,-50.615,2.94,  55.8,""
 6.846, 41.781,4.99,116.14,""
 6.847,-34.368,4.99,   250.0,""
 6.857,-70.964,5.41,172.71,""
 6.879, 33.961,3.60, 57.97,""
 6.892,-20.225,4.82,373.13,""
 6.902,-24.185,3.89,100000.0,""
 6.903,-12.039,4.08, 79.93,""
 6.910, 13.177,4.73, 25.62,""
 6.927,-20.137,4.66, 29.58,""
 6.935,-17.055,4.36,769.23,""
 6.937,-48.722,4.94,263.85,""
 6.942,-79.421,5.45,107.99,""
 6.954, 58.422,4.35, 54.67,""
 6.960, 45.094,4.90, 73.85,""
 6.977,-28.973,1.50,124.22,""
 7.001, 76.977,4.55, 56.33,""
 7.028,-27.935,3.49,343.64,""
 7.048, -4.240,4.99,373.13,""
 7.050,-23.834,3.02,847.45,""
 7.062,-15.634,4.11, 135.5,""
 7.064,-49.584,4.92, 60.56,""
 7.068, 20.570,4.01,421.94,""
 7.139,-26.394,1.83,492.61,"Wezen"
 7.145,-70.499,3.78, 42.86,""
 7.147,-39.656,4.83,223.21,""
 7.170, -4.238,4.91, 62.18,""
 7.185, 30.245,4.41, 98.42,""
 7.194, 39.320,4.91, 148.8,""
 7.197,  -.493,4.15,117.78,""
 7.209,-46.760,4.49, 21.42,""
 7.220,-45.183,4.87, 56.52,""
 7.225,-44.640,4.42, 64.06,""
 7.237,-26.353,4.42,531.91,""
 7.243,-48.272,4.75,115.47,""
 7.246,-26.773,4.01,279.32,""
 7.276,-27.882,4.66,124.22,""
 7.276,-23.316,4.83,434.78,""
 7.280,-67.958,3.97,226.24,""
 7.285,-37.098,2.71,247.52,""
 7.301, 16.540,3.58, 30.93,""
 7.305,-36.734,4.65, 246.3,""
 7.311,-24.559,4.88,584.79,""
 7.311,-24.955,4.37,917.43,""
 7.335, 21.982,3.50, 18.53,""
 7.370,-19.017,4.94,147.49,""
 7.401,-29.304,2.45,609.75,"Aludra"
 7.422, 81.257,6.30,263.85,""
 7.427,  9.276,4.99,319.48,""
 7.428, 27.798,3.78,  36.9,""
 7.445, 49.211,4.61, 83.89,""
 7.452,  8.289,2.89, 49.57,""
 7.469,  8.925,4.33, 97.56,""
 7.485, 31.784,4.16, 18.04,""
 7.487,-43.302,3.25, 59.38,""
 7.496, 12.006,4.55,175.43,""
 7.497,-23.025,4.85,952.38,""
 7.511,-30.963,4.65,460.82,""
 7.517, 82.411,4.92,153.13,""
 7.563,-14.524,4.82,471.69,""
 7.567,-22.297,4.44, 25.29,""
 7.576, 31.888,1.58, 15.59,"Castor"
 7.589,-28.370,4.65, 67.93,""
 7.594,-52.534,4.93,120.33,""
 7.598, 26.895,4.06, 83.05,""
 7.622,-34.969,4.53,110.49,""
 7.638,-25.365,4.69,189.75,""
 7.647,-26.804,3.80,106.26,""
 7.652, 34.584,4.89, 50.99,""
 7.655,  5.224, .40,  3.51,"Procyon"
 7.657,-38.309,4.84,170.35,""
 7.673,-15.264,4.98,213.21,""
 7.675, 87.020,5.05,139.66,""
 7.687, -9.552,3.94, 45.31,""
 7.697,-72.607,3.93, 43.23,""
 7.716, 58.710,4.93, 81.83,""
 7.721, 28.883,4.23, 38.34,""
 7.725,-28.411,4.63,236.96,""
 7.730,-28.955,3.94,100000.0,""
 7.740, 24.397,3.57, 43.34,""
 7.754,-37.969,3.62,347.22,""
 7.755, 28.026,1.16, 10.35,"Pollux"
 7.768, 18.510,4.89,104.05,""
 7.801,-25.938,4.40,434.78,""
 7.805,-47.078,4.69, 71.22,""
 7.820,-46.374,4.10,505.05,""
 7.821,-24.860,3.34,367.64,""
 7.870,-40.576,3.71, 108.1,""
 7.877,-38.863,4.49, 198.8,""
 7.884,-49.614,4.63,232.55,""
 7.888,-48.103,4.22,507.61,""
 7.891, 26.765,4.97, 68.21,""
 7.946,-52.983,3.46,139.46,""
 7.947,-22.881,4.20,   160.0,""
 7.961,-30.335,4.76,371.74,""
 7.970,-49.245,4.47,294.11,""
 7.995, -3.680,4.93, 84.24,""
 7.997,-18.400,4.61, 73.96,""
 8.003, 73.917,5.37,269.54,""
 8.005,-63.568,4.81,153.13,""
 8.020, -1.393,4.69,137.93,""
 8.037,  2.334,4.39, 77.88,""
 8.058, 27.794,4.94, 78.55,""
 8.059,-40.004,2.21,332.22,"Naos"
 8.079, 79.479,5.39,    99.0,""
 8.125,-24.305,2.83, 19.48,""
 8.132,-68.618,4.35,172.41,""
 8.140, 51.506,4.78, 76.68,""
 8.143, -2.984,4.36,324.67,""
 8.150,-61.303,4.74, 19.98,""
 8.150,-19.246,4.40,142.65,""
 8.158,-47.337,1.75,342.46,""
 8.187,-12.927,4.72, 54.17,""
 8.189,-39.619,4.44,520.83,""
 8.190,-42.988,4.73,100000.0,""
 8.203, 17.647,4.67, 25.08,""
 8.222,-15.789,4.99,266.66,""
 8.224,-35.900,4.78, 284.9,""
 8.234,-40.348,4.42, 91.49,""
 8.275,  9.185,3.53, 93.02,""
 8.281, 84.057,6.45,147.27,""
 8.308,-76.920,4.05, 19.56,""
 8.309,-36.660,4.44, 28.62,""
 8.330,-71.515,5.33,133.33,""
 8.344,-77.485,4.34, 47.61,""
 8.356,-33.055,4.83,308.64,""
 8.367,-73.400,5.28,116.82,""
 8.375,-59.510,1.86,185.52,"Avior"
 8.375,-48.491,4.79,526.31,""
 8.380, 43.188,4.25,117.23,""
 8.405,-80.915,5.67, 75.87,""
 8.409, 82.430,6.28,186.21,""
 8.427, -3.907,3.91,  37.5,""
 8.428,-66.137,3.77, 32.97,""
 8.504, 60.718,3.35, 54.91,""
 8.588,-58.010,4.84, 68.07,""
 8.627,-42.990,4.11,558.65,""
 8.627,  5.703,4.14, 49.16,""
 8.645,  3.341,4.45,114.28,""
 8.651,-70.387,5.19, 73.63,""
 8.661,-29.562,4.86,  74.9,""
 8.667,-12.476,4.98,119.04,""
 8.668,-35.309,3.97,127.55,""
 8.670, 64.327,4.59, 78.49,""
 8.671,-52.922,3.60,151.28,""
 8.676,-59.762,4.31,442.47,""
 8.677,-46.649,3.77,100000.0,""
 8.686,-47.318,4.74,781.25,""
 8.688,-78.964,5.46, 94.96,""
 8.695,-15.944,4.87, 64.93,""
 8.707,-53.114,4.83,148.58,""
 8.720,  3.398,4.30,179.85,""
 8.721, 21.468,4.66, 55.55,""
 8.726,-33.187,3.68,269.54,""
 8.727, -7.234,4.63,235.84,""
 8.739,-42.650,4.05, 70.17,""
 8.744, 18.154,3.94, 40.03,""
 8.745,-54.709,1.93, 24.69,""
 8.767,-46.042,3.87,568.18,""
 8.772,-13.548,4.32, 75.13,""
 8.778, 28.759,4.03,101.52,""
 8.778,-56.770,4.50,185.52,""
 8.779,  6.418,3.38, 39.63,""
 8.807,  5.837,4.35,108.57,""
 8.829,-45.308,4.94,340.13,""
 8.842,-27.710,4.02, 63.57,""
 8.917,-60.645,3.84, 98.03,""
 8.923,  5.945,3.11, 51.25,""
 8.925,-27.682,4.87, 75.81,""
 8.938,-52.724,4.68,108.34,""
 8.944,-85.664,5.43, 49.75,""
 8.949,-59.230,4.93,206.61,""
 8.974, 11.857,4.26, 57.73,""
 8.986, 48.041,3.12,  14.5,""
 9.001,-41.254,4.45, 64.51,""
 9.010, 41.782,3.96, 16.06,""
 9.040,-66.397,4.00, 38.29,""
 9.042, 67.629,4.74, 96.43,""
 9.060, 47.156,3.57,109.89,""
 9.069,-47.098,3.75, 91.82,""
 9.085,-72.603,4.47,122.85,""
 9.093,-70.539,4.66,296.73,""
 9.099,  5.092,4.99,274.72,""
 9.108, 38.452,4.56,250.62,""
 9.133,-43.433,2.23,166.94,""
 9.134,-25.859,4.62,171.82,""
 9.147, 51.604,4.46, 28.81,""
 9.173, 67.134,4.80, 20.37,""
 9.181, 63.513,4.67, 38.72,""
 9.182,-58.967,3.43,136.98,""
 9.184,-44.868,4.99,100000.0,""
 9.186, 80.828,6.37, 75.52,""
 9.187,-62.317,3.96,166.38,""
 9.220,-69.718,1.67, 34.69,"Miaplacidus"
 9.239,  2.314,3.89, 34.79,""
 9.255, 84.181,6.30,  94.6,""
 9.260,-38.570,4.92, 68.87,""
 9.262,-37.414,4.63, 50.47,""
 9.269, 54.021,4.80, 35.84,""
 9.270,-57.542,4.34, 149.7,""
 9.284,-59.276,2.21,234.74,"Tureis"
 9.290,-74.895,5.28,107.52,""
 9.314, 36.802,3.82, 38.27,""
 9.329,-11.975,4.77, 103.3,""
 9.341, -9.556,4.80, 68.21,""
 9.349,-62.405,4.79, 71.63,""
 9.350, 34.392,3.14, 62.26,""
 9.358,-25.966,4.71,154.08,""
 9.368,-55.011,2.47,175.43,""
 9.386,-28.834,4.71, 58.89,""
 9.402,-80.787,5.34, 58.13,""
 9.410, 26.182,4.47, 61.72,""
 9.451,-71.602,5.46, 61.88,""
 9.455,-22.344,4.72,    48.0,""
 9.459, -8.659,1.99, 55.27,"Alphard"
 9.485, -2.769,4.59, 17.33,""
 9.487,-35.952,4.51,217.86,""
 9.511,-40.467,3.60, 18.81,""
 9.520,-57.035,3.16, 73.26,""
 9.525, 63.061,3.65, 23.81,""
 9.526,-73.081,5.46,242.13,""
 9.528, 22.967,4.32, 100.9,""
 9.532, 11.299,4.99, 66.09,""
 9.533, -1.185,4.54,158.73,""
 9.547, 51.677,3.17, 13.47,""
 9.564,-80.942,5.07,175.43,""
 9.570, 36.397,4.54, 56.72,""
 9.574,-59.230,4.08, 406.5,""
 9.574, 69.830,4.54, 31.92,""
 9.580, 52.051,4.47, 80.38,""
 9.584, 39.621,4.81, 66.05,""
 9.613,-49.356,4.34, 32.32,""
 9.618, 81.326,4.28,304.87,""
 9.640,  4.649,4.68, 90.57,""
 9.655,-61.329,4.51,  69.2,""
 9.664, -1.143,3.90, 80.71,""
 9.685,  9.892,3.52, 39.95,""
 9.688,-23.592,4.76,155.27,""
 9.704,-23.916,4.93, 15.01,""
 9.715, 72.252,5.15,146.62,""
 9.736,-27.770,4.78,104.05,""
 9.754,-62.508,3.69,478.46,""
 9.764, 23.774,2.97, 75.64,""
 9.772,-76.777,5.43, 56.52,""
 9.785,-65.073,2.92,440.52,""
 9.849, 59.038,3.78, 35.63,""
 9.850,-80.062,6.47,256.41,""
 9.857,-14.847,4.11,  80.9,""
 9.861,-46.548,4.58,323.62,""
 9.868, 54.064,4.55,   156.0,""
 9.879, 26.006,3.88, 38.05,""
 9.903,-25.933,4.87,104.82,""
 9.914,-19.010,4.94,188.32,""
 9.947,-54.568,3.52, 487.8,""
10.003,  8.044,4.68,124.53,""
10.012,-82.215,5.53,115.07,""
10.085,-13.065,4.60, 96.15,""
10.122, 16.762,3.48, 389.1,""
10.123, 35.244,4.49, 28.24,""
10.131,  9.997,4.39, 90.57,""
10.132,  -.372,4.48, 86.88,""
10.139, 11.967,1.36, 24.31,"Regulus"
10.142, 83.918,6.31,404.85,""
10.148,-51.812,4.85,408.16,""
10.176,-12.355,3.61,  34.5,""
10.228,-70.038,3.29,104.82,""
10.245,-42.122,3.85, 31.07,""
10.278, 23.417,3.43, 84.03,""
10.284,-61.333,3.39,201.61,""
10.284, 42.914,3.45, 42.15,""
10.326,-55.030,4.59,568.18,""
10.328, 19.470,4.78, 21.36,""
10.332, 19.841,2.01, 39.88,"Algieba"
10.348,-56.044,4.50,352.11,""
10.372,-41.650,4.82,  62.5,""
10.372, 41.499,3.06, 70.62,""
10.382,-66.902,4.97,123.15,""
10.402, 65.566,4.94,104.05,""
10.406,-74.032,3.99, 16.22,""
10.431, 33.796,4.72, 71.53,""
10.434,-16.837,3.83, 71.78,""
10.452,-31.068,4.28,112.23,""
10.456,-57.639,4.65,100000.0,""
10.464,-58.740,3.81,411.52,""
10.464, 36.707,4.20, 47.19,""
10.495, 84.252,5.52, 40.63,""
10.505,-71.993,4.72, 79.87,""
10.510, 55.980,4.82, 12.77,""
10.517,-73.222,4.94,316.45,""
10.518, 82.558,5.25,  21.5,""
10.522,-53.716,4.89, 21.81,""
10.533,-61.686,3.30,148.14,""
10.546,  9.306,3.84,100000.0,""
10.553, 40.425,4.72, 34.62,""
10.584, 75.712,4.86, 75.81,""
10.591,-78.608,4.11,128.04,""
10.593,-57.558,4.45,361.01,""
10.600, 80.494,6.48,160.25,""
10.620,-27.413,4.87,149.47,""
10.621,-48.226,3.84, 26.83,""
10.625,-13.385,4.89,208.33,""
10.643,-16.877,4.91, 64.55,""
10.645, 31.976,4.68, 177.3,""
10.645,-59.183,4.69,719.42,""
10.655,-55.604,4.29,257.73,""
10.703,-64.467,4.76,139.08,""
10.715,-64.395,2.74,139.66,""
10.725,-60.567,4.58,349.65,""
10.735,-63.962,4.80,150.82,""
10.754,-80.470,5.46,106.83,""
10.763,-80.541,4.45,107.52,""
10.779,-49.421,2.69, 35.91,""
10.780,-64.384,4.87,147.27,""
10.827,-16.194,3.11, 44.07,""
10.888, 34.214,3.79, 29.08,""
10.891,-58.854,3.78, 29.12,""
10.899, 43.189,4.66, 75.52,""
10.926, 24.749,4.30, 87.95,""
10.945,-37.138,4.60, 58.27,""
10.987,-84.594,6.19,105.48,""
10.996,-18.299,4.08,  48.8,""
11.002,-42.226,4.37, 60.16,""
11.009,  3.617,4.84,110.49,""
11.012,  6.101,4.98, 46.36,""
11.030, -2.485,4.73,179.21,""
11.030, 56.382,2.34, 24.44,"Merak"
11.038, 20.179,4.42, 38.86,""
11.062, 61.751,1.81, 37.67,"Dubhe"
11.083,  7.336,4.62, 28.99,""
11.088,-27.294,4.92, 43.23,""
11.109,-62.425,4.62, 122.1,""
11.143,-58.976,3.93,100000.0,""
11.161, 44.498,3.00,  44.3,""
11.194,-22.826,4.46,104.27,""
11.210,-60.318,4.59,100000.0,""
11.235, 20.523,2.56, 17.91,""
11.237, 15.429,3.33,  50.6,""
11.253, 23.095,4.56,294.11,""
11.277, -3.652,4.45, 56.46,""
11.307, 33.094,3.49,122.39,""
11.318, 38.185,4.76, 58.82,""
11.322,-14.779,3.56, 56.94,""
11.350,-54.492,3.90,109.64,""
11.352,  6.029,4.05, 67.47,""
11.380, 43.482,4.99,163.39,""
11.398, 10.529,4.00, 23.67,""
11.410,-10.860,4.81,115.34,""
11.414,-17.685,4.06, 25.23,""
11.465,  2.856,4.95,172.41,""
11.505, -3.004,4.77,185.18,""
11.523, 69.331,3.82,102.14,""
11.530, 81.127,6.12,  59.2,""
11.537,-29.262,4.93, 26.29,""
11.550,-31.858,3.54, 39.74,""
11.579,-54.265,4.62,130.71,""
11.596,-63.020,3.11, 128.7,""
11.611, -9.803,4.70, 85.98,""
11.615,  -.824,4.30, 55.64,""
11.670,-34.745,4.70,137.55,""
11.681,-62.091,4.93,272.47,""
11.683,-83.100,6.32,110.49,""
11.746,-18.351,4.71,108.22,""
11.754,  8.258,4.84, 37.41,""
11.760,-66.729,3.63, 38.98,""
11.764,  6.529,4.04, 90.09,""
11.767, 47.779,3.69,  56.3,""
11.775,-61.179,4.11,119.47,""
11.775,-40.501,4.89,  9.22,""
11.799, 20.218,4.50, 71.32,""
11.804,-66.815,4.75,131.75,""
11.817, 14.572,2.14, 10.99,"Denebola"
11.828,-63.789,4.30,182.48,""
11.832,-70.226,4.98,290.69,""
11.844,  1.764,3.59, 10.92,""
11.852,-45.174,4.47, 132.8,""
11.864,-65.206,4.89,111.11,""
11.881,-33.909,4.29, 94.96,""
11.897, 53.694,2.41,  25.5,"Phad"
11.993,-78.222,4.88,110.86,""
12.005, 80.853,6.21,280.11,""
12.014,  6.614,4.65,117.78,""
12.039,-85.632,6.05,113.76,""
12.050,-63.313,4.32, 72.04,""
12.072,-63.166,4.72,261.78,""
12.074, 85.587,6.27, 72.72,""
12.079,-76.520,5.04,146.19,""
12.086,  8.732,4.12, 50.05,""
12.114,-64.614,4.14, 19.75,""
12.130,-75.368,5.17, 130.2,""
12.134,-50.662,4.46, 134.4,""
12.139,-50.723,2.58,127.22,""
12.140,-24.729,4.02, 14.93,""
12.168,-22.620,3.02, 97.46,""
12.183, 81.709,6.00, 336.7,""
12.194,-52.369,3.97,116.14,""
12.203, 77.616,5.14, 33.37,""
12.252,-58.749,2.79,105.82,""
12.255, 87.700,6.27, 46.94,""
12.257, 57.032,3.32, 24.68,""
12.263,-17.542,2.58,  47.1,""
12.272, 23.945,4.93, 76.45,""
12.275, 33.061,4.99, 96.99,""
12.280, 86.435,6.33, 39.52,""
12.292,-67.961,4.06, 92.42,""
12.305,-79.313,4.24, 91.49,""
12.307,-64.004,4.06,109.64,""
12.313, 75.160,5.47, 97.84,""
12.331,  -.667,3.89, 81.36,""
12.339,  3.312,4.97, 94.42,""
12.345, 17.792,4.72, 88.88,""
12.356,-60.402,3.59, 70.47,""
12.375, 25.846,4.78, 90.33,""
12.400, 51.562,4.76,118.48,""
12.427,-86.151,6.32,224.21,""
12.440, 27.268,4.92,  84.6,""
12.442,-51.451,4.82,137.36,""
12.443,-63.100, .77, 98.71,"Acrux"
12.448, 28.268,4.35, 51.28,""
12.449, 26.825,4.98, 85.17,""
12.467,-50.231,3.91,126.26,""
12.497,-16.516,2.94, 26.63,""
12.519,-57.114,1.59, 27.15,""
12.534,-16.197,4.30, 18.28,""
12.541,-72.133,3.84,  99.6,""
12.558, 69.788,3.85,150.37,""
12.562, 41.357,4.24,  8.43,""
12.573,-23.397,2.65, 44.66,""
12.578, 70.021,4.95, 184.5,""
12.580, 22.629,4.80, 95.05,""
12.619,-69.136,2.69, 96.71,""
12.628,-48.542,3.85, 40.24,""
12.654, -7.996,4.66,    90.0,""
12.664,-39.988,4.63,111.85,""
12.691,-48.960,2.20,  39.9,""
12.694, -1.450,2.74, 11.68,""
12.698, 10.235,4.88, 36.27,""
12.699,-59.686,4.91,293.25,""
12.709,-48.814,4.66, 58.44,""
12.740, 80.621,6.33,143.67,""
12.760,-60.982,4.69,  36.8,""
12.771,-68.109,3.04,104.71,""
12.772,-56.489,4.62,117.92,""
12.795,-59.689,1.25, 85.39,""
12.818, 83.417,5.92,   123.0,""
12.820, 83.412,5.38,178.89,""
12.844,-34.000,4.90,122.69,""
12.861, 27.540,4.93, 89.12,""
12.885,-48.944,4.33, 90.25,""
12.888, 21.244,4.89,  86.8,""
12.890,-40.179,4.25, 45.55,""
12.900, 55.959,1.76,  25.3,"Alioth"
12.905, -9.539,4.77,166.94,""
12.909,-57.178,4.03,127.06,""
12.910,-59.147,4.62,117.64,""
12.916,-85.124,5.45,107.87,""
12.926,  3.397,3.39, 60.82,""
12.933, 38.318,2.89, 35.19,""
12.982, 17.409,4.76,  99.4,""
13.004, 30.785,4.88,202.42,""
13.012, 56.366,4.93, 25.44,""
13.036, 10.959,2.85,  33.6,""
13.037,-71.549,3.61, 27.87,""
13.059,-49.528,4.83, 67.61,""
13.104,-48.464,4.71,119.61,""
13.115,-49.907,4.27,143.26,""
13.119, 27.624,4.80,101.62,""
13.150,-23.119,4.94, 70.97,""
13.165, -5.540,4.38,  96.8,""
13.166, 17.529,4.32, 17.82,""
13.197, 27.878,4.23,  9.12,""
13.200,-37.804,4.85, 20.66,""
13.204,-59.921,4.58,116.14,""
13.207, 80.471,6.25, 207.9,""
13.228, 40.152,4.94,140.84,""
13.237,-59.104,4.90, 18.19,""
13.254,-67.895,4.79,117.37,""
13.286,-66.784,4.86, 366.3,""
13.292, 40.572,4.72, 81.03,""
13.293,  5.469,4.78,207.03,""
13.306,-18.312,4.74,  8.55,""
13.315,-23.172,2.99, 41.03,""
13.343,-36.713,2.75, 18.02,""
13.377,-60.989,4.52,108.69,""
13.398, 54.925,2.23,  26.3,"Mizar"
13.400,-64.536,4.52,  79.8,""
13.418,-74.888,5.04, 67.79,""
13.419,-11.162, .98, 76.56,"Spica"
13.420, 54.987,3.99, 25.05,""
13.457,-15.974,4.76, 85.91,""
13.473, 13.778,4.97, 17.98,""
13.517,-39.408,3.90,277.77,""
13.532, -6.256,4.68,122.54,""
13.568,  3.658,4.92, 56.65,""
13.574, 49.015,4.68, 55.27,""
13.578,  -.596,3.38, 22.71,""
13.579, 37.182,4.91, 45.66,""
13.624, 36.294,4.82,  60.9,""
13.664,-53.467,2.29,131.06,""
13.678, 54.681,4.63,160.51,""
13.682,-85.787,5.56, 83.75,""
13.695,-54.560,4.99, 83.19,""
13.706, 82.752,5.92,122.54,""
13.761,-33.044,4.23,  19.4,""
13.777,-51.433,4.64, 80.51,""
13.787, 17.456,4.50, 15.61,""
13.792, 49.313,1.85, 31.86,"Alkaid"
13.824,-34.451,4.19, 56.11,""
13.824, 15.797,4.05, 80.77,""
13.825,-41.688,3.41,133.86,""
13.826,-42.474,3.47,155.03,""
13.828, 21.264,4.92,   123.0,""
13.831,-18.135,4.96,  74.9,""
13.857, 64.723,4.58,113.89,""
13.863, 34.444,4.76,184.16,""
13.863,-32.995,4.32,105.37,""
13.886,-31.928,4.75,195.31,""
13.911, 18.397,2.68, 11.39,""
13.925,-47.289,2.55,117.09,""
13.927,-82.667,5.95, 245.7,""
13.960,-63.687,4.71, 64.26,""
13.971,-42.101,3.83,161.03,""
13.977,-44.804,3.87,131.06,""
14.027,  1.544,4.23, 68.96,""
14.028,-45.604,4.34, 389.1,""
14.063,-60.374, .61,120.19,""
14.073, 64.375,3.67, 92.93,""
14.100,-41.180,4.36,156.49,""
14.106,-26.683,3.25, 30.95,""
14.111,-36.370,2.06, 18.03,"Menkent"
14.147, 77.547,4.80,140.05,""
14.165,-53.439,4.74, 55.92,""
14.173, 25.091,4.82, 37.42,""
14.180,-16.303,4.93,141.24,""
14.204,  2.409,4.99, 79.17,""
14.214,-10.274,4.18, 78.12,""
14.224, 51.789,4.53,  50.1,""
14.261, 19.182,-.05, 11.25,"Arcturus"
14.266, -6.001,4.07, 22.23,""
14.269, 51.367,4.75, 29.06,""
14.273, 46.088,4.18, 30.35,""
14.299, 35.509,4.80, 71.58,""
14.303,-81.008,4.89, 42.33,""
14.318,-13.372,4.52, 57.17,""
14.323,-46.059,3.55,103.62,""
14.329, 16.306,4.84, 57.33,""
14.338,-56.387,4.30,375.93,""
14.342,-37.886,4.05, 79.36,""
14.345,-45.188,4.78, 43.55,""
14.373,-80.109,5.06,197.62,""
14.376,-58.460,4.76, 117.5,""
14.383,-39.512,4.41,140.25,""
14.384,-27.755,4.78, 48.26,""
14.389,  8.446,4.86, 65.91,""
14.406,-82.849,6.42,296.73,""
14.419, 51.850,4.04, 14.53,""
14.435,-45.222,4.56,334.44,""
14.436,-45.380,4.33, 97.84,""
14.448,-83.668,4.31, 91.65,""
14.458, 75.695,4.25,110.01,""
14.469,-29.492,4.97,120.62,""
14.470, -2.228,4.81, 36.25,""
14.495,-62.680,1.01,  1.29,"*Proxima Centauri"
14.530, 30.371,3.57, 49.09,""
14.534, 38.308,3.04,  26.6,""
14.543,-50.458,4.44,176.36,""
14.578, 29.745,4.47, 15.83,""
14.591,-42.158,2.33, 93.72,""
14.631,-49.426,4.05, 96.89,""
14.660,-60.839,1.35,  1.32,""
14.660,-60.834,-.01,  1.32,""
14.678, 16.418,4.49, 93.72,""
14.685, 13.728,3.78, 53.87,""
14.694,  8.161,4.86,164.74,""
14.698,-47.389,2.30,142.45,""
14.699,-37.794,4.01,103.95,""
14.708,-64.976,3.18, 16.57,""
14.717, -5.659,3.87, 18.27,""
14.723, 26.527,4.80,215.98,""
14.727,-35.174,4.06, 64.22,""
14.749,-35.192,4.92,  65.7,""
14.749, 27.074,2.35, 62.11,"Izar"
14.754, 16.964,4.60, 74.51,""
14.770,  1.892,3.73, 41.23,""
14.797,-79.045,3.83,136.98,""
14.838,-27.961,4.42,101.52,""
14.838, 82.511,5.63, 43.28,""
14.845, 74.155,2.07, 40.14,"*Kochab"
14.847,-16.042,2.75, 23.23,""
14.850, -2.300,4.93, 67.02,""
14.856, 19.100,4.54,  6.71,""
14.860,-43.576,4.32,123.91,""
14.953, -4.347,4.47,  26.9,""
14.959, 65.932,4.63,140.84,""
14.964,-76.663,5.37,114.81,""
14.975,-43.134,2.68,117.37,""
14.986,-42.105,3.13, 117.5,""
15.016, -8.519,4.91,    90.0,""
15.030,-83.228,5.65,120.77,""
15.032, 40.390,3.49, 69.06,""
15.035, 25.008,4.80,113.89,""
15.048,  2.091,4.39, 59.91,""
15.063, 47.654,4.83,  12.5,""
15.067,-25.282,3.25, 88.41,""
15.074, 26.947,4.52, 75.41,""
15.079,-83.039,5.65, 598.8,""
15.085,-47.052,3.91,135.86,""
15.121, 24.869,4.93, 19.55,""
15.147,-45.280,4.07,238.09,""
15.185,-84.788,5.88, 97.18,""
15.198,-48.738,3.88, 55.18,""
15.203,-19.792,4.54,116.41,""
15.204,-52.100,3.41, 35.97,""
15.213,-44.501,4.83,154.55,""
15.243,-31.520,4.91, 598.8,""
15.258, 33.314,3.46, 37.34,""
15.283, -9.383,2.61, 56.75,""
15.284, 71.823,5.02, 122.1,""
15.291,-58.802,4.07, 30.55,""
15.294,-63.611,4.85,   125.0,""
15.297,-30.149,4.35,  99.9,""
15.308,-47.876,4.27,102.88,""
15.315,-68.680,2.87, 56.36,""
15.345, 71.834,3.00,149.25,""
15.356,-40.648,3.22,   271.0,""
15.363,-36.262,3.57, 84.31,""
15.368,-47.928,4.99, 35.85,""
15.378,-44.690,3.37,156.98,""
15.385,-36.859,4.54,159.23,""
15.386, 30.287,4.99, 17.86,""
15.389,-59.321,4.48,137.55,""
15.403,-10.323,4.92, 31.23,""
15.408, 37.377,4.31, 34.68,""
15.415, 58.966,3.29, 31.02,""
15.422,-38.734,4.60,120.33,""
15.463, 29.105,3.66, 34.28,""
15.472,-88.134,6.49, 65.06,""
15.523, 77.349,5.00,262.46,""
15.525,-73.390,5.40,380.22,""
15.529, 40.899,4.98,119.04,""
15.548, 31.359,4.14,115.07,""
15.569,-10.065,4.61, 28.92,""
15.578, 26.714,2.22,    23.0,"Alphekka"
15.580, 10.538,3.80, 69.93,""
15.585,-41.167,2.80,129.03,""
15.592,-14.790,3.91, 50.02,""
15.598,-44.959,4.55,131.23,""
15.612,-66.318,4.11, 61.84,""
15.617,-28.136,3.60, 68.58,""
15.634,-42.568,4.34, 67.02,""
15.644,-29.778,3.66,112.48,""
15.656, 36.635,4.64,145.13,""
15.662,-34.412,4.66, 67.34,""
15.671,-23.819,4.97,117.23,""
15.686,-44.662,4.64, 17.43,""
15.692, 19.670,4.51, 58.27,""
15.699,-19.679,4.75,  94.6,""
15.711,-34.711,4.75,111.48,""
15.712, 26.295,3.81, 44.78,""
15.721,-84.466,5.57, 66.13,""
15.734, 77.794,4.29,113.12,""
15.737,  6.425,2.63, 22.67,""
15.769, 15.421,3.65, 47.55,""
15.774,  7.353,4.42, 12.12,""
15.812, 18.141,4.09,117.09,""
15.826, 26.068,4.59, 52.13,""
15.827, -3.431,3.54,    52.0,""
15.846,  4.477,3.71, 21.59,""
15.849,-33.628,3.97, 59.84,""
15.849,-25.752,4.63,151.74,""
15.853, 35.657,4.79, 30.49,""
15.854, 20.977,4.74,114.94,""
15.877, 42.451,4.60, 15.89,""
15.893,-25.328,4.59,154.08,""
15.897,-16.730,4.13, 51.65,""
15.919,-63.431,2.83, 12.37,""
15.940, 15.661,3.85, 11.25,""
15.948,-29.215,3.87,144.71,""
15.959, 26.877,4.14, 67.88,""
15.963, 54.749,4.96, 33.57,""
15.969,-14.280,4.95,143.47,""
15.980,-26.115,2.89,179.53,""
15.991,-41.745,4.99,133.68,""
16.002,-38.397,3.42, 135.5,""
16.005,-22.622,2.29, 150.6,"Dschubba"
16.024, 29.851,4.98,  95.6,""
16.031, 58.565,4.01, 21.03,""
16.038, 22.804,4.82, 54.88,""
16.046, 46.036,4.72,113.89,""
16.053,-49.230,4.65, 67.29,""
16.055,-25.866,4.96, 63.65,""
16.056,-38.603,4.90,122.54,""
16.058,-57.776,4.63, 39.38,""
16.090,-19.806,2.56,123.91,""
16.090,-19.802,4.90, 122.1,""
16.108,-45.174,4.73,  37.5,""
16.109,-36.803,4.22,127.06,""
16.113,-20.670,3.93, 144.5,""
16.123,-20.869,4.31, 89.12,""
16.146, 44.934,4.23, 62.53,""
16.149, 36.490,4.73, 35.77,""
16.180, 75.877,5.48,189.39,""
16.199,-19.461,4.00,145.34,""
16.199,-10.065,4.93,  47.7,""
16.205,-27.927,4.58,146.84,""
16.224,-54.631,4.95,131.23,""
16.239, -3.695,2.73, 52.46,""
16.257,-63.686,3.86,186.21,""
16.283,-50.069,4.97,450.45,""
16.291, 75.755,4.95, 29.73,""
16.304,-28.615,4.80, 41.28,""
16.305, -4.693,3.23, 32.63,""
16.329, 46.313,3.91, 94.25,""
16.330,-50.156,4.01, 39.47,""
16.339,-78.696,4.68,233.64,""
16.340,-78.668,5.27,187.96,""
16.343,-24.170,4.55,269.54,""
16.353,-25.593,2.90,213.67,""
16.365, 19.153,3.74, 59.06,""
16.367,  1.029,4.82, 27.27,""
16.368, 30.891,4.86, 56.24,""
16.399, 61.514,2.73, 28.23,""
16.401,-20.038,4.48, 61.16,""
16.423, 14.033,4.57, 76.68,""
16.426,-23.448,4.57,110.74,""
16.450,-18.457,4.22,161.03,""
16.453,-47.555,4.46, 162.6,""
16.463, -8.372,4.62, 40.95,""
16.466, 68.768,4.94,149.25,""
16.474,-70.085,4.90, 12.11,""
16.477, 41.881,4.83,108.57,""
16.490,-26.433,1.06,169.77,"Antares"
16.503,-25.116,4.79,126.74,""
16.503, 21.489,2.78, 42.66,""
16.515,  1.983,3.82, 53.07,""
16.518,-16.613,4.29, 74.68,""
16.523,-34.705,4.24,170.06,""
16.535,-21.467,4.45,  51.7,""
16.543, 11.488,4.84,107.64,""
16.557,-78.898,3.86, 47.91,""
16.568,-44.046,4.86,100000.0,""
16.568, 42.437,4.20, 96.52,""
16.598,-28.217,2.82,145.34,""
16.606,-35.256,4.18,105.04,""
16.619,-10.568,2.54,112.23,""
16.645, 48.928,4.86,127.06,""
16.681, 64.589,4.84,225.73,""
16.688, 31.602,2.81, 10.71,""
16.692,-17.743,4.91,126.42,""
16.714, 38.922,3.48, 33.31,""
16.718,-77.518,4.23, 48.12,""
16.754, 56.781,4.84,  26.1,""
16.766, 82.037,4.21, 93.19,""
16.811,-69.028,1.91,119.76,"Atria"
16.820, 45.983,4.82, 55.24,""
16.829,-59.042,3.77, 91.74,""
16.830,-10.783,4.64, 31.97,""
16.836,-34.294,2.29, 19.53,""
16.864,-38.048,3.00, 153.6,""
16.872,-38.018,3.56,145.34,""
16.899,-42.363,4.70, 787.4,""
16.900, 10.165,4.39, 75.18,""
16.909,-42.362,3.62, 40.56,""
16.933, 65.134,4.88, 15.25,""
16.961,  9.375,3.19, 28.04,""
16.977,-55.991,3.12,149.03,""
16.993,-53.161,4.06,110.61,""
17.004, 30.926,3.92, 47.52,""
17.016,-86.365,6.05, 192.3,""
17.017, -4.223,4.82,124.22,""
17.052, 14.091,4.97,121.06,""
17.080,-34.123,4.83,100000.0,""
17.088, 54.470,4.91, 27.43,""
17.089, 12.740,4.89, 40.86,""
17.146, 65.714,3.17, 100.7,""
17.172,-15.725,2.43, 27.09,""
17.202,-43.240,3.32, 22.52,""
17.244, 14.390,2.78,110.25,""
17.250, 24.839,3.12, 23.03,""
17.250, 36.809,3.16,115.47,""
17.255,-26.603,4.33,  5.93,""
17.276,  -.446,4.72, 63.09,""
17.282, 89.037,6.31,271.73,""
17.288, 33.100,4.80,204.08,""
17.294, 37.291,4.64, 53.79,""
17.326, 80.136,5.74,294.11,""
17.347,-12.847,4.32,  62.3,""
17.350,-21.113,4.39, 17.35,""
17.366,-67.771,4.76, 91.15,""
17.366,-25.000,3.27,133.68,""
17.368,-70.124,5.39,404.85,""
17.394, 37.145,4.15,120.62,""
17.421,-55.530,2.84,198.01,""
17.423,-56.378,3.31,341.29,""
17.439,-24.176,4.16, 25.49,""
17.441,  4.140,4.34,276.24,""
17.443, -5.087,4.53, 30.07,""
17.455,-29.868,4.28, 34.21,""
17.507, 52.301,2.79,116.55,""
17.512, 26.110,4.41,113.25,""
17.512,-37.296,2.70,176.67,""
17.513, 86.968,5.78, 46.88,""
17.518,-60.684,3.60, 60.67,""
17.523,-23.963,4.78,124.37,""
17.524,-80.860,5.83,   271.0,""
17.530,-49.877,2.84, 81.96,""
17.536, 55.184,4.89, 30.24,""
17.536, 86.586,4.35, 52.77,""
17.537, 55.172,4.86, 30.48,""
17.560,-37.104,1.62,175.13,"Shaula"
17.582, 12.560,2.08, 14.89,"Rasalhague"
17.594,-46.506,4.56,   116.0,""
17.609,-38.636,4.26, 50.83,""
17.615, 68.757,4.77, 23.16,""
17.621,-42.998,1.86, 92.08,""
17.626,-15.399,3.54, 32.27,""
17.630, -8.119,4.58,231.48,""
17.657, 46.006,3.82,139.46,""
17.673,-49.416,4.76, 21.44,""
17.690,-12.876,4.24,  53.1,""
17.698, 72.148,4.57, 22.83,""
17.708,-39.030,2.39,148.14,""
17.723,-21.684,4.86, 17.65,""
17.724,  4.567,2.76, 25.09,""
17.762,-64.724,3.61,107.99,""
17.774, 27.720,3.42,  8.31,""
17.792,-27.831,4.53,302.11,""
17.793,-40.127,2.99,591.71,""
17.798,  2.707,3.75, 31.51,""
17.819,-31.704,4.79,170.64,""
17.824, 76.962,5.02, 31.75,""
17.830,-37.044,3.19, 38.58,""
17.836,-40.091,4.78,781.25,""
17.892, 56.872,3.73,  34.5,""
17.919, 72.005,5.43,323.62,""
17.937, 37.250,3.86,230.94,""
17.943, 51.488,2.24,  47.3,"Etamin"
17.946,-44.343,4.85, 88.88,""
17.962, 29.247,3.70, 41.94,""
17.963,-41.717,4.88, 138.5,""
17.963,  4.693,9.54,  1.82,"*Barnard's Star"
17.975, 30.189,4.41,263.85,""
17.983, -9.774,3.32, 46.21,""
17.996,-23.817,4.74,127.38,""
18.000, 80.000,6.11, 72.62,""
18.000, 16.750,4.67,205.76,""
18.002, 80.004,5.74, 63.53,""
18.004,  4.368,4.79, 199.6,""
18.008, -3.691,4.62, 23.55,""
18.010,  2.931,3.93,377.35,""
18.025, 21.595,4.26,127.87,""
18.026,-85.215,6.45, 67.56,""
18.029,  1.305,4.42, 89.68,""
18.051, -8.181,4.77, 51.33,""
18.083,-29.581,4.66,266.66,""
18.090,-81.487,6.37,251.88,""
18.090,  2.500,4.03,  5.08,""
18.096,-30.425,2.98, 29.69,""
18.100, 22.218,4.96,226.24,""
18.110,-50.092,3.65,249.37,""
18.113,-43.426,4.92, 41.84,""
18.121,  8.733,4.64, 83.61,""
18.122,  9.563,3.71, 26.63,""
18.125, 28.762,3.84,103.62,""
18.134,-28.458,4.55,103.95,""
18.142,-63.669,4.33, 39.85,""
18.145, 20.814,4.37,280.89,""
18.187,-45.955,4.52, 128.2,""
18.195,-23.702,4.96, 78.49,""
18.198, 31.405,4.96,166.94,""
18.229,-21.059,3.84,100000.0,""
18.231, 64.397,4.99, 22.92,""
18.293,-36.762,3.10, 44.74,""
18.300,-27.043,4.66,233.64,""
18.331, 36.064,4.33, 77.16,""
18.338, 21.961,4.92,120.19,""
18.345, 71.337,4.22, 92.85,""
18.347,  3.377,4.85, 79.87,""
18.349,-29.829,2.72, 106.6,""
18.350, 72.732,3.55,  8.05,""
18.355, -2.899,3.23, 18.54,""
18.387,-61.494,4.35,143.67,""
18.393,-75.045,5.47, 59.48,""
18.394, -8.935,4.66, 63.37,""
18.394, 21.769,3.85, 36.46,""
18.398, 58.800,4.98, 56.46,""
18.402, 83.175,6.16,150.37,""
18.402,-34.385,1.79, 43.93,""
18.422,-20.542,4.81,125.78,""
18.433, 65.563,4.82, 96.52,""
18.449,-45.969,3.49, 85.17,""
18.466,-25.422,2.82, 23.96,""
18.468,-84.388,6.49,213.21,""
18.480,-49.071,4.10, 38.69,""
18.486,-14.566,4.67, 97.94,""
18.488,-80.233,5.95,119.04,""
18.522,-62.279,4.63,134.58,""
18.529,-45.915,4.92,216.91,""
18.542, 57.045,4.77,649.35,""
18.558,-42.313,4.62,170.94,""
18.586, -8.245,3.85, 61.05,""
18.615, 38.783, .03,  7.67,"Vega"
18.703,-81.809,6.27,165.01,""
18.704, -9.053,4.70, 62.07,""
18.717,-71.429,4.01, 66.97,""
18.725, -8.276,4.88,165.01,""
18.738,-35.642,4.86,143.06,""
18.738, 39.670,4.67, 49.77,""
18.739, 39.612,4.59, 47.68,""
18.746, 37.605,4.34, 47.86,""
18.757,-64.872,4.78, 28.54,""
18.760,-26.991,3.17, 73.36,""
18.761, 20.546,4.19,  19.2,""
18.762, 74.085,5.25,  96.8,""
18.767, 26.662,4.83, 78.12,""
18.772, 75.433,5.37, 85.83,""
18.783, 18.181,4.34, 28.89,""
18.786, -4.748,4.22,280.89,""
18.834, 33.362,3.52,294.98,""
18.853, 59.388,4.63,104.82,""
18.870,-62.188,4.22,438.59,""
18.887, 50.708,4.92,139.86,""
18.902,-22.745,4.86,344.82,""
18.906, 71.297,4.82,105.48,""
18.908, 36.898,4.22,225.73,""
18.912, 22.645,4.57,144.71,""
18.913,-87.606,5.29, 78.74,""
18.921,-26.297,2.05, 69.83,"*Nunki"
18.922, 43.946,4.08,  91.4,""
18.936,  4.203,4.62, 47.41,""
18.937,  4.202,4.98, 51.94,""
18.949,-67.234,4.40,153.37,""
18.951, -5.847,4.83, 62.03,""
18.962,-21.107,3.52,111.98,""
18.969,-83.423,6.35,169.49,""
18.974,-52.939,4.85,187.61,""
18.978,-37.108,4.83, 30.18,""
18.982, 32.689,3.25,190.11,""
18.993, 15.068,4.02,  47.5,""
19.000, 32.145,4.94,338.98,""
19.028, -5.740,4.02, 44.13,""
19.043,-29.881,2.60, 27.04,""
19.051,-42.096,4.74,  59.2,""
19.078,-21.742,3.76, 43.55,""
19.090, 13.863,2.99, 25.45,""
19.104, -4.883,3.43, 37.92,""
19.106,-37.064,4.23,  17.3,""
19.115,-27.671,3.32, 37.28,""
19.139,-40.497,4.57, 54.73,""
19.152, 76.560,5.11,  27.3,""
19.157,-37.905,4.11, 38.43,""
19.162,-21.024,2.88,156.25,""
19.167,-39.341,4.10,145.34,""
19.209, 67.661,3.07, 29.86,""
19.229, 39.145,4.43,425.53,""
19.259,-25.257,4.86, 91.49,""
19.259, 73.355,4.45, 44.88,""
19.270, 21.390,4.76,248.75,""
19.272, 38.133,4.35, 255.1,""
19.285, 53.368,3.80, 38.06,""
19.293,-18.953,4.88,147.71,""
19.342, -5.416,4.98, 47.28,""
19.344, 65.714,4.60, 70.17,""
19.361,-17.848,3.92, 38.92,""
19.362,-15.956,4.52,546.44,""
19.377,-44.459,3.96, 96.15,""
19.386,-44.800,4.27, 41.13,""
19.398,-40.616,3.96, 55.74,""
19.402, 29.621,4.99,258.39,""
19.424,  3.114,3.36, 15.52,""
19.441,   .338,4.64,869.56,""
19.478, 24.664,4.44, 91.15,""
19.495, 51.729,3.76,  37.2,""
19.512, 27.959,3.05,133.15,""
19.529, 34.452,4.74,263.85,""
19.539, 69.661,4.67,  5.75,""
19.568,  7.378,4.45, 32.99,""
19.586,-48.100,4.88,113.63,""
19.607, 50.221,4.49, 18.33,""
19.611,-24.884,4.59, 58.13,""
19.612, -1.287,4.36, 119.9,""
19.614, -7.028,4.93,515.46,""
19.656, 30.153,4.68, 81.63,""
19.668, 18.013,4.39,130.37,""
19.684, 17.476,4.39,134.77,""
19.737, 37.354,4.89, 88.65,""
19.749, 45.130,2.86, 50.58,""
19.770, 10.613,2.72,121.06,""
19.772,-19.762,4.87, 63.65,""
19.789, 18.534,3.68,182.14,""
19.802, 70.267,3.84, 45.37,""
19.823,-72.504,5.39, 43.63,""
19.846,  8.868, .76,  5.12,"Altair"
19.851, 22.610,4.90,193.05,""
19.874,  1.005,3.87,423.72,""
19.891, 24.079,4.57,102.56,""
19.904,  8.461,4.71, 56.27,""
19.921,-41.869,4.12, 55.74,""
19.921,  6.406,3.71, 13.69,""
19.927, 52.438,4.91, 86.28,""
19.930,-26.300,4.70, 25.98,""
19.931, 38.486,4.95,442.47,""
19.932, 58.845,4.98,280.89,""
19.933,-81.350,6.39,227.27,""
19.938, 35.083,3.89, 41.37,""
19.949,-27.170,4.54, 255.1,""
19.972, 35.201,8.84,595.23,"*Cygnus X-1"
19.979, 19.492,3.51, 79.23,""
19.982,-26.196,4.84, 96.06,""
19.995,-35.277,4.37,158.98,""
20.009,-72.911,3.97, 32.21,""
20.018, 27.753,4.66, 72.46,""
20.029,-59.376,4.95,145.77,""
20.044,-27.710,4.43,137.55,""
20.046, 67.873,4.51, 131.4,""
20.059,-37.941,4.77,112.35,""
20.072,-32.057,4.99, 89.12,""
20.123,-52.881,4.93,331.12,""
20.145,-66.183,3.55,   6.1,""
20.148, 77.711,4.38, 96.52,""
20.157, 36.839,4.93,317.46,""
20.188,  -.822,3.24, 87.79,""
20.221, 46.815,4.80,187.26,""
20.223, 56.567,4.28, 48.82,""
20.227, 46.741,3.80,   271.0,""
20.237, 15.197,4.94, 45.97,""
20.242, 36.806,4.93, 42.69,""
20.254, 25.591,4.79,303.95,""
20.257, 47.714,3.96,324.67,""
20.262, 27.814,4.50,103.84,""
20.294,-12.509,4.30,174.52,""
20.296, 38.032,4.77,100000.0,""
20.300,-12.545,3.58, 32.44,""
20.344,-12.760,4.77, 77.63,""
20.350,-14.782,3.05, 100.2,""
20.370, 40.256,2.23,561.79,"Sadr"
20.397, 32.190,4.43, 76.62,""
20.415,-83.311,6.15,  75.7,""
20.427,-56.736,1.94, 54.82,"Peacock"
20.470, 81.422,5.38,139.66,""
20.481,-17.814,4.77, 30.26,""
20.484, 83.625,6.19, 91.24,""
20.489, 30.368,4.01,235.84,""
20.490, 81.091,5.96, 63.73,""
20.493, 62.994,4.21, 41.84,""
20.494, -2.886,4.91, 61.27,""
20.500, 48.951,4.94,278.55,""
20.525, 74.954,5.18,121.35,""
20.553, 11.303,4.03,101.31,""
20.554,-80.965,5.76,   160.0,""
20.565, 35.250,4.61,847.45,""
20.588, 14.674,4.64, 67.47,""
20.593,-60.582,4.75, 27.79,""
20.612, -2.550,4.91, 398.4,""
20.625, 14.595,3.64, 30.93,""
20.626,-47.292,3.11, 30.14,""
20.626,-61.530,4.86, 58.13,""
20.638,-81.290,5.89,195.69,""
20.638, -1.106,4.31,103.41,""
20.642, 21.201,4.81, 71.37,""
20.660, 15.912,3.77, 77.82,""
20.690, 45.280,1.25, 432.9,"Deneb"
20.709, 82.531,5.75, 108.1,""
20.724, 15.074,4.43, 68.44,""
20.733,-51.921,4.51, 24.17,""
20.747, 25.270,4.92,  99.6,""
20.749,-66.204,3.42, 41.42,""
20.754, 61.838,3.41, 14.26,""
20.755, 57.579,4.52, 27.29,""
20.761, 30.719,4.22, 61.65,""
20.768,-25.271,4.13, 14.67,""
20.770, 33.970,2.48, 22.29,"Gienah"
20.777, 16.124,4.27, 38.72,""
20.786, 34.374,4.93,136.42,""
20.790, 36.490,4.53,235.84,""
20.792, 80.552,5.36,122.24,""
20.794, -9.496,3.78, 63.69,""
20.795, -5.028,4.43,179.53,""
20.815, 46.114,4.81,714.28,""
20.824,-46.227,4.90,126.58,""
20.832,-33.780,4.89,   116.0,""
20.863,-26.920,4.12,258.39,""
20.868, 27.096,4.56,  57.8,""
20.877, -8.984,4.73, 48.21,""
20.887, 44.387,4.80,161.03,""
20.913,-58.455,3.67,187.61,""
20.952, 41.167,3.94,114.81,""
20.997, 47.520,4.74,434.78,""
21.021,-32.258,4.67, 70.22,""
21.073,-19.855,4.82,  49.5,""
21.078,-77.024,5.13, 43.53,""
21.082, 43.927,3.72,258.39,""
21.099,-17.233,4.08, 49.72,""
21.110, 47.648,4.56,316.45,""
21.118,-25.006,4.49,139.86,""
21.146,-88.957,5.45, 86.13,""
21.159,-11.372,4.50, 48.85,""
21.172, 10.131,4.70, 36.29,""
21.215, 30.226,3.21, 43.87,""
21.222,-70.127,5.06,273.97,""
21.222, 81.230,6.12,161.29,""
21.241, 10.006,4.47, 18.48,""
21.246, 38.045,3.74, 20.34,""
21.263,  5.247,3.92, 58.34,""
21.290, 39.394,4.22,884.95,""
21.298, 34.896,4.41,196.85,""
21.298,-32.173,4.71, 55.86,""
21.309, 62.585,2.45, 15.03,"Alderamin"
21.331,-53.450,4.39, 30.28,""
21.346,-40.810,4.80, 60.45,""
21.368, 19.804,4.08, 47.77,""
21.370,-16.835,4.28, 60.31,""
21.413, 80.524,5.97,111.11,""
21.440,-65.367,4.21,  9.26,""
21.444,-22.412,3.77, 118.2,""
21.477, 70.560,3.23,210.08,""
21.478,-21.808,4.50, 52.46,""
21.499, 23.638,4.52,120.77,""
21.525, -5.572,2.90,164.74,""
21.534,-84.811,6.42,208.33,""
21.555,-80.040,6.47,116.82,""
21.565,-82.684,6.35,217.39,""
21.566, 45.591,3.98, 37.89,""
21.579, 38.534,4.87, 70.97,""
21.618,-19.467,4.51,323.62,""
21.629, -7.855,4.68, 54.76,""
21.632, 62.081,4.76,100000.0,""
21.668,-16.663,3.69, 48.14,""
21.691,-77.391,3.73, 21.19,""
21.698, 71.311,4.55, 55.92,""
21.701, 51.189,4.69, 529.1,""
21.710,-18.867,4.72, 90.17,""
21.717, 72.320,5.18, 74.96,""
21.725, 58.780,4.23,100000.0,""
21.735, 28.742,4.49, 22.23,""
21.736,  9.875,2.38,211.41,"Enif"
21.741, 17.350,4.34,284.09,""
21.744, 25.645,4.14, 34.22,""
21.749,-33.026,4.35, 62.61,""
21.757, 61.120,4.25,100000.0,""
21.779, 49.309,4.23,338.98,""
21.784,-16.128,2.85, 11.86,""
21.848,-82.719,5.27,125.47,""
21.898,-37.365,3.00, 64.72,""
21.907, 80.308,6.43,226.75,""
21.965,-54.993,4.40, 57.67,""
21.987, 73.179,5.04, 36.72,""
22.055,-56.786,4.69,  3.62,""
22.055, -2.156,4.74,133.51,""
22.063, 64.627,4.26, 29.59,""
22.094,  5.058,4.86, 83.26,""
22.096,  -.320,2.95,160.51,""
22.101,-39.544,4.47, 74.23,""
22.107,-13.870,4.29,  53.7,""
22.116, 25.345,3.77, 11.72,""
22.137,-46.961,1.73, 30.96,"Alnair"
22.139,-32.989,4.50, 41.64,""
22.140,-34.044,4.99,130.03,""
22.163, 72.341,4.79,120.91,""
22.166, 33.178,4.28, 80.64,""
22.169,-32.549,4.94, 18.27,""
22.169,  6.197,3.52, 28.29,""
22.180, 58.201,3.39,256.41,""
22.219, 86.107,5.27, 78.67,""
22.231, 39.714,4.50,147.92,""
22.250, 57.043,4.18, 26.19,""
22.260,-41.347,4.79, 84.24,""
22.266, 37.748,4.14,190.47,""
22.280, -7.784,4.17, 57.47,""
22.297,-77.512,5.49, 38.49,""
22.308,-60.260,2.87, 61.23,""
22.333,-80.440,5.09, 89.12,""
22.350, 46.536,4.55,170.06,""
22.355, 28.330,4.78,213.21,""
22.358, 12.205,4.82,497.51,""
22.360, -1.388,3.86,  50.2,""
22.392, 52.229,4.42, 52.11,""
22.408, 49.476,4.55,689.65,""
22.409,-72.256,5.28,  28.7,""
22.421,  1.377,4.80, 239.8,""
22.433, 70.770,5.47, 153.6,""
22.455,-64.967,4.51, 76.92,""
22.464,  4.695,4.78, 45.47,""
22.480,  -.020,3.65, 28.16,""
22.486, 58.415,4.07,265.25,""
22.487,-43.496,3.97, 94.87,""
22.492, 47.706,4.34,505.05,""
22.495,-43.750,4.12,101.21,""
22.498, 78.824,5.45, 75.13,""
22.508, 43.123,4.52,526.31,""
22.510,-10.678,4.82,  88.8,""
22.521, 50.282,3.76, 31.45,""
22.525,-32.347,4.29, 43.78,""
22.527,-85.968,5.76,  99.4,""
22.550,-61.983,4.91, 88.96,""
22.589,  -.118,4.04, 51.46,""
22.596, 73.643,5.08, 54.88,""
22.622, 51.545,4.64, 52.63,""
22.654, 39.050,4.89, 529.1,""
22.675, 44.276,4.50,102.04,""
22.677,-27.044,4.18,149.25,""
22.691, 10.831,3.41, 62.65,""
22.695, 29.307,4.80, 91.57,""
22.711,-46.885,2.07, 54.25,""
22.716, 30.221,2.93,  65.7,""
22.724,-41.415,4.84, 70.62,""
22.726,-18.831,4.68, 132.8,""
22.760,-53.501,4.84,127.22,""
22.767,-81.382,4.13, 45.76,""
22.775, 23.565,3.97,111.98,""
22.778, 12.172,4.20, 16.29,""
22.791, 83.153,4.77, 96.06,""
22.809,-51.317,3.49, 39.52,""
22.826,-13.593,4.05, 97.37,""
22.828, 66.200,3.50, 35.34,""
22.833, 24.601,3.51, 32.53,""
22.839,-80.124,5.32,151.05,""
22.850, 85.373,5.89,133.33,""
22.867, 43.312,4.95,  99.7,""
22.875,-32.876,4.46, 66.05,""
22.876, -7.580,3.73,118.06,""
22.906, 84.346,4.70,109.05,""
22.910,-15.821,3.27, 49.23,""
22.920,  8.816,4.91, 95.69,""
22.932,-32.540,4.20, 47.25,""
22.940, 49.733,4.99,490.19,""
22.960,-29.623,1.17,   7.7,"Fomalhaut"
23.014,-52.755,4.11, 33.37,""
23.032, 42.325,3.62,210.52,""
23.062, 28.082,2.44, 60.09,"Scheat"
23.064,  3.820,4.48,125.15,""
23.069, 50.052,4.64, 54.17,""
23.079, 15.205,2.49, 40.88,"Markab"
23.110, 59.419,4.84,346.02,""
23.111,-23.744,4.48, 66.31,""
23.114,-43.521,4.28, 40.43,""
23.116,  9.409,4.54, 100.8,""
23.118, 25.468,4.76,181.48,""
23.131, 75.387,4.41, 75.64,""
23.157,-21.173,3.68, 82.98,""
23.165,-22.458,4.71,154.55,""
23.172,-45.247,3.88, 56.17,""
23.203,-80.913,6.43,227.27,""
23.209, 49.406,4.53, 24.58,""
23.238, -6.050,4.22, 61.95,""
23.264, -9.088,4.24, 45.93,""
23.280, -7.727,4.93,187.96,""
23.286,  3.282,3.70,  42.3,""
23.290,-58.236,3.99, 23.05,""
23.295, 49.015,4.82,172.71,""
23.298, -9.183,4.41,123.15,""
23.310, 68.111,4.75, 62.26,""
23.313,-32.533,4.41, 55.86,""
23.316, -9.611,4.99, 80.19,""
23.343, 23.740,4.58, 49.57,""
23.382,-20.101,3.96,  50.1,""
23.413, 62.282,4.96,240.96,""
23.422, 23.404,4.42, 52.24,""
23.434,-20.643,4.38, 86.88,""
23.448,  1.255,4.95, 47.05,""
23.449, 87.307,5.56,102.14,""
23.466,  6.378,4.27, 45.53,""
23.467,-87.483,5.50,149.03,""
23.485, 12.760,4.54, 53.61,""
23.500, 58.548,4.89,190.47,""
23.549,-37.819,4.38, 53.36,""
23.554,-20.915,4.70,    90.0,""
23.565, 31.325,4.97,168.35,""
23.584,-42.616,4.69, 76.27,""
23.626, 46.458,3.81,  26.4,""
23.630,-45.493,4.74, 61.38,""
23.635, 43.268,4.29,153.13,""
23.655, 77.632,3.21,  14.1,""
23.663,-14.223,4.97, 43.59,""
23.665,  5.626,4.13, 13.71,""
23.673, 44.333,4.15, 51.62,""
23.696,-17.817,4.82,257.06,""
23.700,  1.780,4.49, 32.69,""
23.712,-14.545,4.49, 45.53,""
23.733, 29.361,4.93, 68.77,""
23.767, 46.420,4.97,307.69,""
23.773,  3.486,4.95,275.48,""
23.784, 58.651,4.88, 53.33,""
23.815,-28.131,4.59, 42.14,""
23.868,-82.019,5.10,  81.3,""
23.906, 57.499,4.51,100000.0,""
23.959,-82.170,5.72, 93.54,""
23.962, 25.141,4.63,145.98,""
23.977, -3.556,4.88, 71.89,""
23.983, 55.754,4.88,100000.0,""
23.988,  6.863,4.03, 31.98,""
23.998,-65.578,4.49,114.41,""
 5.277, 46.000, .96, 12.93,""
 7.576, 31.890,2.85,  15.8,""
 9.511,-40.466,4.65, 18.55,""
11.303, 31.528,4.33, 10.41,""
11.303, 31.528,4.80, 10.41,""
12.694, -1.450,3.52, 11.83,""
13.398, 54.920,3.95, 24.15,""
16.072,-11.375,4.84, 24.33,""
17.172,-15.727,3.40, 25.79,""
